404000.0 65.11999999999735
405000.0 65.10293530695888
406000.0 65.08653258758457
407000.0 65.07092442991637
408000.0 65.05626659500561
410000.0 65.02936371921763
412000.0 65.00492970988016
413000.0 64.99345967395922
414000.0 64.98265661561484
415000.0 64.97260910780214
416000.0 64.96318897002821
419000.0 64.937629800075
420000.0 64.92997083909385
421000.0 64.9229300053705
422000.0 64.91649966296082
424000.0 64.90484804062496
425000.0 64.89930491186571
427000.0 64.88810601217746
428000.0 64.88230845719092
429000.0 64.87631941935301
431000.0 64.86344348219632
432000.0 64.85641730144883
433000.0 64.84889364874454
434000.0 64.84084652063058
435000.0 64.8322131173048
436000.0 64.82300621718167
437000.0 64.8132457516576
438000.0 64.80294372970266
439000.0 64.79203786494706
440000.0 64.78053704032146
442000.0 64.75599209997046
443000.0 64.74313037380021
444000.0 64.72994256878074
445000.0 64.71647837321511
446000.0 64.70285161231334
447000.0 64.68910326970084
448000.0 64.67527260730179
449000.0 64.66146268315956
452000.0 64.62059127672245
454000.0 64.59430868284358
455000.0 64.58164326808104
456000.0 64.56941923256873
458000.0 64.5461959571896
459000.0 64.53505052373215
460000.0 64.5241641088408
461000.0 64.5135533989599
463000.0 64.49332116078212
464000.0 64.48358881749232
465000.0 64.47406006604768
466000.0 64.46475574089945
467000.0 64.45576490109292
468000.0 64.44710146206293
469000.0 64.43871816398068
470000.0 64.43051943279751
471000.0 64.42246684245367
472000.0 64.41458266697477
473000.0 64.40695617837625
475000.0 64.3924121457211
476000.0 64.38535971328037
478000.0 64.37166811337032
479000.0 64.3651422668096
480000.0 64.35885178188644
483000.0 64.34106418747896
484000.0 64.33536287873473
485000.0 64.32983868947309
486000.0 64.32448452374074
487000.0 64.31920869323001
488000.0 64.31397541500067
489000.0 64.30880174875037
490000.0 64.3037886958687
491000.0 64.2989580920867
492000.0 64.29427751664448
493000.0 64.28964142012514
494000.0 64.28505221664373
495000.0 64.28060336045215
496000.0 64.27631794346797
497000.0 64.2721636177593
498000.0 64.26804044222848
499000.0 64.26392235884407
500000.0 64.25983820627681
501000.0 64.25588250809693
502000.0 64.25207604567026
504000.0 64.24478326045639
505000.0 64.2411725780194
506000.0 64.23758196526362
507000.0 64.23410164130073
508000.0 64.23075640682409
509000.0 64.22751508803985
510000.0 64.22427502954811
511000.0 64.2210151585946
512000.0 64.21776518473561
513000.0 64.21462080061812
514000.0 64.21160383977526
516000.0 64.20582538776523
517000.0 64.20297185478147
520000.0 64.19502734422429
521000.0 64.19257017184397
522000.0 64.19009441909873
523000.0 64.18759990254645
524000.0 64.18518609123606
525000.0 64.18288107186282
526000.0 64.18064788959985
527000.0 64.17839146457536
529000.0 64.17373797753787
530000.0 64.1713756358787
531000.0 64.16910974335981
532000.0 64.16694763910895
533000.0 64.16485216347652
534000.0 64.1627295563095
535000.0 64.16059241326735
536000.0 64.15854738812386
537000.0 64.15659812182443
538000.0 64.1547388339752
539000.0 64.15294643901204
540000.0 64.15112432526772
541000.0 64.14927627215894
542000.0 64.14753197052151
543000.0 64.14596940251313
544000.0 64.14448885158865
545000.0 64.14297818506564
546000.0 64.14142928306633
547000.0 64.13995207287718
548000.0 64.13855860537087
549000.0 64.13723548994237
550000.0 64.13596398607933
551000.0 64.1346471898406
552000.0 64.1332862753786
553000.0 64.13200869133192
554000.0 64.13091000562417
556000.0 64.12886728118035
557000.0 64.12778255739501
559000.0 64.12550289028646
560000.0 64.12445903784257
561000.0 64.1235836839299
562000.0 64.12279975867385
563000.0 64.1220473763574
564000.0 64.12123249316326
565000.0 64.12036111802179
566000.0 64.11956237973745
567000.0 64.11891158794428
568000.0 64.11832104675707
569000.0 64.11766473544864
570000.0 64.1169456952186
571000.0 64.11629095233816
572000.0 64.11579645331466
573000.0 64.11538130253173
574000.0 64.11498798508684
575000.0 64.1145223692222
576000.0 64.1139922888086
577000.0 64.11352733938782
578000.0 64.1132074008816
579000.0 64.1129641701327
580000.0 64.11273910229818
581000.0 64.11243725866753
583000.0 64.11165474509757
584000.0 64.1113243084662
585000.0 64.11111928590165
586000.0 64.11098501717308
587000.0 64.11086908401168
588000.0 64.11067505815481
591000.0 64.10973382378536
592000.0 64.1094585861912
593000.0 64.10921187776803
594000.0 64.10889837002003
595000.0 64.10852172773932
596000.0 64.10821408889004
597000.0 64.10805574518578
598000.0 64.10794341249928
599000.0 64.1077685088921
600000.0 64.10752044186383
601000.0 64.10732891187433
602000.0 64.10729100459922
603000.0 64.10732703920283
604000.0 64.10738039641696
605000.0 64.10735655106134
607000.0 64.10712885322083
608000.0 64.10707498465885
609000.0 64.10719301217983
610000.0 64.10747657795983
611000.0 64.10778935530979
612000.0 64.10802382936002
613000.0 64.10817166199661
615000.0 64.10865345807488
616000.0 64.10909333760927
617000.0 64.10955991346104
619000.0 64.11031220204964
621000.0 64.11109772089209
622000.0 64.11154177898706
623000.0 64.11199114053927
624000.0 64.11235048515064
625000.0 64.11262639574078
626000.0 64.1129489056775
627000.0 64.11340128083373
628000.0 64.11391370639149
629000.0 64.11443007341354
630000.0 64.11485546979834
633000.0 64.1159418159812
634000.0 64.11650203966178
637000.0 64.11820650150234
638000.0 64.11864009702629
640000.0 64.11959043872946
641000.0 64.12011114289196
642000.0 64.12063982432812
643000.0 64.12108086324254
644000.0 64.12144248093381
645000.0 64.121855035432
646000.0 64.12239872711766
647000.0 64.12300526688563
648000.0 64.12361704066618
649000.0 64.12413946097445
650000.0 64.12458093863128
652000.0 64.12553024288562
653000.0 64.12606387564185
655000.0 64.1271359000716
656000.0 64.12758452889926
657000.0 64.1280834392632
659000.0 64.129469284515
660000.0 64.13023351420371
662000.0 64.13156675202146
663000.0 64.13225812834217
664000.0 64.133073796088
667000.0 64.13552170274322
668000.0 64.13617301773358
669000.0 64.1367358308772
670000.0 64.13733953559145
671000.0 64.1380790167442
673000.0 64.13960646558007
674000.0 64.14024812417433
675000.0 64.14081122065316
676000.0 64.14141690060194
677000.0 64.14215843916962
679000.0 64.14369449226685
681000.0 64.14508447694793
682000.0 64.14595294307179
683000.0 64.14697215889923
684000.0 64.14804033463096
686000.0 64.15012035706177
687000.0 64.15104620600756
688000.0 64.15199730022654
689000.0 64.15306707919818
690000.0 64.15418527675935
691000.0 64.15529303705608
692000.0 64.15629542310668
693000.0 64.1572007669867
695000.0 64.15914451873041
697000.0 64.16155725680065
698000.0 64.1628101790762
699000.0 64.16395176341295
700000.0 64.16498937983964
701000.0 64.16604613335916
702000.0 64.16721957852434
703000.0 64.16843423315689
704000.0 64.16963513954133
705000.0 64.1707279748915
706000.0 64.17172016567108
707000.0 64.1727434134829
708000.0 64.17390591884677
709000.0 64.17520484652884
710000.0 64.17650894342871
711000.0 64.17770498102787
712000.0 64.17879423826635
713000.0 64.17991047509746
714000.0 64.1811608128999
715000.0 64.18254301385458
716000.0 64.1839242275373
717000.0 64.18519374174909
718000.0 64.18635361373877
719000.0 64.18753436316548
721000.0 64.19031853117468
722000.0 64.191910108322
723000.0 64.1934898893938
724000.0 64.19494797692131
725000.0 64.19628666781617
726000.0 64.1976367403786
727000.0 64.19908325615616
728000.0 64.20055714134527
729000.0 64.20199968713126
730000.0 64.2033213550765
731000.0 64.20453015123125
732000.0 64.20576008745199
733000.0 64.2071199605538
734000.0 64.20860755071426
735000.0 64.21012340333826
736000.0 64.21160876666889
737000.0 64.21300007219256
738000.0 64.21439656016203
739000.0 64.21591474980447
740000.0 64.2175551477644
741000.0 64.21921508800467
742000.0 64.22084012230982
743000.0 64.22233138961165
745000.0 64.22496815817323
746000.0 64.22627497605596
747000.0 64.2276910073422
748000.0 64.22913565976177
749000.0 64.2305567299185
750000.0 64.23185387988312
751000.0 64.23303698251095
753000.0 64.23549933164713
754000.0 64.23689712573943
755000.0 64.23829913370311
756000.0 64.2395820162703
757000.0 64.24075531719247
758000.0 64.24194288389508
759000.0 64.2432667563207
760000.0 64.24472205849649
761000.0 64.24620351752789
762000.0 64.24768317327668
763000.0 64.24916195450184
764000.0 64.25066852007474
765000.0 64.25229432370328
766000.0 64.25403230290979
767000.0 64.25578549487963
769000.0 64.2591400949178
770000.0 64.260657489217
771000.0 64.26217116471076
772000.0 64.2638010722996
773000.0 64.26555263617196
774000.0 64.26729286853625
775000.0 64.2688945113561
776000.0 64.27036411356428
777000.0 64.27183910512092
779000.0 64.27516199077866
780000.0 64.276999452413
781000.0 64.2788096662614
783000.0 64.28209723658225
784000.0 64.2837050434853
786000.0 64.28717318962147
789000.0 64.29242186853419
790000.0 64.29416574125935
791000.0 64.2960141476851
793000.0 64.29997074135576
794000.0 64.30192702250984
795000.0 64.30378584513862
796000.0 64.30562527774582
799000.0 64.31155547062994
800000.0 64.31351770280713
802000.0 64.31706991138911
804000.0 64.32054833454302
805000.0 64.32242246078758
806000.0 64.32439207581687
807000.0 64.32633399638416
808000.0 64.3281240008813
809000.0 64.3297698557795
810000.0 64.3313979711749
811000.0 64.33313701699514
812000.0 64.3349785237384
814000.0 64.33852799832381
816000.0 64.34170099008308
817000.0 64.34339068009935
818000.0 64.34518788991639
820000.0 64.34865951655536
821000.0 64.35019232386354
822000.0 64.35159199741572
823000.0 64.35298642487557
825000.0 64.35605633147435
826000.0 64.35759997136623
827000.0 64.35901055580152
828000.0 64.36029457669339
829000.0 64.36158663595899
831000.0 64.3645490048717
832000.0 64.3662117561276
833000.0 64.36787626868245
835000.0 64.37115459097198
836000.0 64.37277339252883
837000.0 64.37437591760701
838000.0 64.37596216620655
839000.0 64.37753217679555
840000.0 64.37906102196034
841000.0 64.38045592632108
842000.0 64.38172368151508
844000.0 64.38430632963127
845000.0 64.38574077778074
846000.0 64.38716452849836
847000.0 64.38846424955545
849000.0 64.39083209335114
850000.0 64.39214232859302
851000.0 64.3935701020148
852000.0 64.39501946923593
855000.0 64.39932155761116
856000.0 64.40077423529094
857000.0 64.40234029826846
858000.0 64.40401327606916
860000.0 64.40724357814581
862000.0 64.41003586420979
863000.0 64.41139668843024
864000.0 64.41284498511136
865000.0 64.41430999794713
866000.0 64.41573626477062
867000.0 64.41703080954312
868000.0 64.41820283814612
869000.0 64.41938636935824
870000.0 64.42068730552299
871000.0 64.42211279356752
872000.0 64.42353172702312
873000.0 64.42481761951798
874000.0 64.42597944526986
875000.0 64.42715173424713
876000.0 64.42844576885518
877000.0 64.42986050991175
878000.0 64.431294866857
879000.0 64.43269346524113
880000.0 64.43396241415361
881000.0 64.43513854619962
882000.0 64.4364151224596
885000.0 64.44087363478064
886000.0 64.44238426183321
887000.0 64.44375838691383
888000.0 64.4450059580114
889000.0 64.44625976264028
890000.0 64.4476294983239
891000.0 64.44911397418662
893000.0 64.4519914187185
894000.0 64.45327446016103
895000.0 64.45456071768001
896000.0 64.45596154181736
897000.0 64.45747644735606
898000.0 64.45900441336505
899000.0 64.46048962978169
900000.0 64.46183882356385
901000.0 64.46306191935571
902000.0 64.46429214639029
903000.0 64.46561309188188
905000.0 64.46828878915885
906000.0 64.46959196397964
907000.0 64.47076803273293
909000.0 64.47289967374505
910000.0 64.47409476137645
911000.0 64.47541813730189
912000.0 64.47673858436663
913000.0 64.47792939381074
914000.0 64.47899944921383
915000.0 64.48008312883904
916000.0 64.48129155329204
917000.0 64.48262354166965
918000.0 64.48397783033029
919000.0 64.48529452038393
920000.0 64.48648427921144
921000.0 64.48758148076185
922000.0 64.48878197343512
924000.0 64.49151589007083
925000.0 64.49289696762641
926000.0 64.49414858113343
927000.0 64.49527833529466
928000.0 64.4964171000402
929000.0 64.49764982727183
931000.0 64.50016325153724
933000.0 64.5025649092488
934000.0 64.50362951522106
935000.0 64.50470139067507
936000.0 64.50590087224045
937000.0 64.50722560961268
938000.0 64.50857150885864
939000.0 64.5098839156353
941000.0 64.51231043285475
942000.0 64.51364343884975
943000.0 64.51509348748525
944000.0 64.51655693575866
945000.0 64.5180079079324
946000.0 64.51944694977622
947000.0 64.52087406129014
949000.0 64.5236928927185
950000.0 64.52508590025343
951000.0 64.52644147610032
953000.0 64.52884956147876
954000.0 64.53002876767165
957000.0 64.53412352349318
958000.0 64.5355408337838
959000.0 64.53690839356197
960000.0 64.53814825998005
961000.0 64.53926785112031
962000.0 64.5403973191683
963000.0 64.54162131631149
965000.0 64.54401360844093
966000.0 64.5450363728316
967000.0 64.54594502892394
969000.0 64.54776573261978
970000.0 64.54869331448366
971000.0 64.54960496118568
972000.0 64.55040881202146
973000.0 64.55111185705265
974000.0 64.5518477375086
975000.0 64.55272457085614
976000.0 64.55374167547922
977000.0 64.5547959317591
978000.0 64.55582858908664
979000.0 64.55677361716313
984000.0 64.56158246288746
985000.0 64.56255050634448
986000.0 64.56341003554944
987000.0 64.56416784878053
988000.0 64.56495506866635
989000.0 64.565854635209
990000.0 64.5667965522387
991000.0 64.56772468142314
992000.0 64.56854441335598
993000.0 64.56926449280944
994000.0 64.57001784564041
995000.0 64.57088789040809
996000.0 64.57180123034894
997000.0 64.57270377729397
998000.0 64.573499285264
999000.0 64.57419534889917
1000000.0 64.57492659708116
1001000.0 64.57579930763984
1002000.0 64.57681048807056
1003000.0 64.57786016845176
1004000.0 64.57889166279308
1005000.0 64.57984250276122
1006000.0 64.58080811903766
1007000.0 64.5819054249138
1010000.0 64.58587987876487
1011000.0 64.5872361023308
1013000.0 64.58975037316372
1015000.0 64.5925353496236
1016000.0 64.59396801150396
1017000.0 64.59536351030404
1018000.0 64.5966263047536
1019000.0 64.5977654348925
1020000.0 64.59891517196907
1022000.0 64.60149455622515
1023000.0 64.60280626030384
1024000.0 64.60398895698647
1026000.0 64.60613157701113
1027000.0 64.60733033569723
1028000.0 64.60865651169652
1029000.0 64.61000314582921
1030000.0 64.6113117714405
1031000.0 64.6124966079271
1033000.0 64.61454288065322
1034000.0 64.61555677548556
1035000.0 64.61667544428161
1036000.0 64.61782624998156
1037000.0 64.61894786174076
1038000.0 64.61995146894833
1039000.0 64.62084459391542
1040000.0 64.62176132668631
1041000.0 64.62281021379502
1042000.0 64.62398913994635
1044000.0 64.62630701951628
1045000.0 64.62732833088083
1046000.0 64.6283604471976
1048000.0 64.63073116270867
1049000.0 64.63197099163568
1050000.0 64.63318116182812
1052000.0 64.63541711761792
1053000.0 64.63665981010618
1054000.0 64.63802464246486
1055000.0 64.63940978396002
1056000.0 64.6407583939391
1057000.0 64.64197721381963
1058000.0 64.64307621678647
1059000.0 64.64418001259342
1060000.0 64.64540585280997
1062000.0 64.64818928484686
1065000.0 64.65242708790163
1067000.0 64.65530118614555
1068000.0 64.65686949419143
1069000.0 64.6584406648956
1071000.0 64.66142628433833
1072000.0 64.66275411006238
1073000.0 64.66405775859445
1074000.0 64.66547806655828
1075000.0 64.6670085950094
1076000.0 64.668543302366
1077000.0 64.67003388542115
1078000.0 64.67141070648248
1079000.0 64.67277697908362
1080000.0 64.6742549154084
1082000.0 64.67749156381544
1083000.0 64.6790971573403
1084000.0 64.68055655619655
1085000.0 64.68190084329986
1086000.0 64.68333304037878
1088000.0 64.68648693514146
1089000.0 64.68807754116867
1090000.0 64.68961488284754
1091000.0 64.69100746571281
1092000.0 64.69226514277665
1093000.0 64.69351930656993
1094000.0 64.694882618393
1096000.0 64.69790477843526
1097000.0 64.699405558526
1098000.0 64.70076596168474
1099000.0 64.70201582003263
1101000.0 64.70482772144159
1102000.0 64.70640183885243
1103000.0 64.70794357115074
1104000.0 64.70934768899897
1105000.0 64.71060879797508
1106000.0 64.71185822703237
1107000.0 64.71322347222633
1108000.0 64.71469711119425
1109000.0 64.71617525263153
1110000.0 64.71760378176715
1112000.0 64.72001721029761
1113000.0 64.72101918175193
1114000.0 64.7220271732825
1115000.0 64.72315518500208
1117000.0 64.72562908352447
1118000.0 64.72673529951886
1120000.0 64.72869200064244
1121000.0 64.72980037202868
1122000.0 64.73102963533933
1123000.0 64.73227556959453
1124000.0 64.7334843996111
1125000.0 64.73456266001921
1126000.0 64.73546151252441
