339000.0 51.15945011458915
340000.0 51.28846171987927
341000.0 51.36898246268987
342000.0 51.450912238986334
343000.0 51.53413913532116
344000.0 51.61860701319176
345000.0 51.67711838604234
346000.0 51.814274584988226
347000.0 52.0647592481576
348000.0 52.36325239012291
349000.0 52.68422331415985
350000.0 53.125085507835315
351000.0 53.69915744082472
352000.0 54.3322662067416
353000.0 55.10287181249248
354000.0 55.90831866618838
355000.0 56.76198900711631
356000.0 57.614442875057776
357000.0 58.50064206713663
358000.0 59.487845789258365
359000.0 60.41444325938612
360000.0 61.35120997046326
361000.0 62.1612979292198
363000.0 62.599105697004205
364000.0 62.51445529781793
366000.0 62.79408380501776
367000.0 63.10448453928354
368000.0 63.445022965055664
369000.0 63.60742587986894
370000.0 63.5553105478112
371000.0 63.41297515156916
372000.0 63.392144607409904
373000.0 63.53864022709999
374000.0 63.91301828355395
375000.0 64.17582661932295
376000.0 64.2604064717949
377000.0 64.1347104736092
378000.0 63.97632890167982
379000.0 64.07013503837442
380000.0 64.27264859885913
381000.0 64.4648000659184
382000.0 64.65258889660548
383000.0 64.69332475082442
384000.0 64.56592583645737
385000.0 64.47566985816168
386000.0 64.69509991439904
387000.0 65.09253524404471
388000.0 65.26585590478169
389000.0 65.18770455917837
390000.0 65.00601370093267
391000.0 64.94071735202728
392000.0 65.04130763143951
393000.0 65.37143333355061
394000.0 65.69911171832067
395000.0 65.81257503099766
396000.0 65.79866479308109
397000.0 65.6772984101726
398000.0 65.47028771388764
399000.0 65.44095521830982
400000.0 65.64352214006212
401000.0 65.94045637708274
402000.0 66.06015739240412
403000.0 65.94663247135449
404000.0 65.73708864927501
405000.0 65.59385926838847
406000.0 65.66414950472169
407000.0 66.00923947999239
408000.0 66.22279344695673
409000.0 66.19686972121957
410000.0 66.11348434666546
411000.0 66.00498740335908
412000.0 65.88425726439021
413000.0 66.02808335511592
414000.0 66.37217483674198
415000.0 66.50195490225163
416000.0 66.38488639583659
417000.0 66.27410412795405
418000.0 66.24492661607206
419000.0 66.24794826524561
420000.0 66.47942005128701
421000.0 66.74956354012946
422000.0 66.76729569548351
423000.0 66.60210316217479
424000.0 66.36060258885198
425000.0 66.08513285905622
427000.0 65.66104405383257
428000.0 65.54827755542223
429000.0 65.39560829175294
430000.0 65.19880029518222
431000.0 65.02228597726466
432000.0 64.79831057795039
433000.0 64.62055605019285
434000.0 64.4329744621715
435000.0 64.26718985769486
436000.0 64.18960243008198
437000.0 64.14713583985144
438000.0 64.01072599578787
439000.0 63.86298361258824
440000.0 63.791023709148
441000.0 63.80290515516228
442000.0 63.89015360751506
443000.0 63.954798443995045
444000.0 63.971442294231984
445000.0 64.07762231071617
446000.0 64.19394008263711
447000.0 64.23503522660488
448000.0 64.35516226331728
449000.0 64.48055934258551
452000.0 64.76317730417546
454000.0 65.0330436118337
455000.0 65.24475144270191
456000.0 65.4164221550586
458000.0 65.36018504879343
459000.0 65.29427668232218
460000.0 65.27307792556279
461000.0 65.3773907187903
463000.0 65.39220472559202
464000.0 65.3332246462515
465000.0 65.3136344324044
466000.0 65.41802907680162
467000.0 65.5455245961381
468000.0 65.60252469083846
469000.0 65.52321739262443
470000.0 65.41560470570874
471000.0 65.37610887596016
472000.0 65.47136294938505
473000.0 65.59461974836846
475000.0 65.5051597818379
476000.0 65.43228435732048
478000.0 65.56842736636465
479000.0 65.65626405825114
480000.0 65.69609951575642
483000.0 65.53018238973065
484000.0 65.57987913344584
485000.0 65.68311716372612
486000.0 65.62033384024923
487000.0 65.51702445463482
488000.0 65.47707028994544
489000.0 65.57087303738551
490000.0 65.69137118619054
491000.0 65.74313162892156
492000.0 65.65898922967494
493000.0 65.54720602620058
494000.0 65.61192213760464
495000.0 65.72077304472108
496000.0 65.7673626867186
497000.0 65.681269919855
498000.0 65.56794516271812
499000.0 65.52346836357324
500000.0 65.61442903181265
501000.0 65.73306749671904
502000.0 65.78341636213342
504000.0 65.64803146065071
505000.0 65.56665481262797
506000.0 65.64282317102158
507000.0 65.75532093186567
508000.0 65.80278131019894
509000.0 65.71612345036725
510000.0 65.60221062678175
511000.0 65.55733654844542
512000.0 65.64717410122509
513000.0 65.76465625550404
514000.0 65.81356969208176
516000.0 65.67653048001183
517000.0 65.70283263392642
520000.0 65.85230039464906
521000.0 65.75343087764954
522000.0 65.63418724405594
523000.0 65.6946713179607
524000.0 65.80011711024459
525000.0 65.84388746039093
526000.0 65.75516862844782
527000.0 65.63980064165904
529000.0 65.57354569260731
530000.0 65.67311383539268
531000.0 65.79401924880911
532000.0 65.84414606171813
533000.0 65.75771155492541
534000.0 65.64292542768482
535000.0 65.70497785789598
536000.0 65.81097961447307
537000.0 65.85505204342685
538000.0 65.87451556544832
539000.0 65.77571082142674
540000.0 65.65602905775198
541000.0 65.71599105524497
542000.0 65.9295500044263
543000.0 65.98986414933104
544000.0 65.8278549487448
545000.0 65.68319975397421
546000.0 65.73268225645381
547000.0 65.8334322181164
548000.0 65.87508010546372
549000.0 65.89326533530186
550000.0 65.79377664284233
551000.0 65.67348191796498
552000.0 65.73283486657864
553000.0 65.94548000933696
554000.0 66.00549769555235
556000.0 65.76070183746361
557000.0 65.66498043625113
559000.0 65.77933747975959
560000.0 65.96833230701772
561000.0 66.01873078605244
562000.0 65.9609220314425
563000.0 65.83084554097087
564000.0 65.69829452385414
565000.0 65.75253548650313
566000.0 65.96309132842781
567000.0 66.02160866984752
568000.0 65.85831588530118
569000.0 65.71253378767133
570000.0 65.76128277773395
571000.0 65.9694740622316
572000.0 66.02757507538418
573000.0 65.97241972107494
574000.0 65.84312312890387
575000.0 65.71070688689014
576000.0 65.76465036814236
577000.0 65.97480206943345
578000.0 66.03320690849588
579000.0 65.97818570851214
580000.0 65.84911685508354
581000.0 65.71640770072877
583000.0 65.80912339525568
584000.0 65.99481967384571
585000.0 66.04353349883372
586000.0 65.9847987202549
587000.0 65.85386398666645
588000.0 65.72057197643937
591000.0 65.83931627261265
592000.0 65.89988534066465
593000.0 65.81633265310566
594000.0 65.70189327906533
595000.0 65.76309726722127
596000.0 65.97623248675002
597000.0 66.03539722224389
598000.0 65.87211189526006
599000.0 65.72621142370875
600000.0 65.77469238785119
601000.0 65.98256944269755
602000.0 66.0398333826923
603000.0 65.98437005000818
604000.0 65.85474839477581
605000.0 65.72196057990662
607000.0 65.81442226817724
608000.0 66.00019588854755
609000.0 66.15732150423878
610000.0 66.11513631418208
611000.0 65.91152387484016
612000.0 65.74959662232177
613000.0 65.7913432016095
615000.0 66.09799149634438
616000.0 66.09500881936226
617000.0 65.90679343745657
619000.0 65.85741513557889
621000.0 65.94345076156682
622000.0 65.95372434310292
623000.0 65.85013882099219
624000.0 65.72733856737925
625000.0 65.78478588291344
626000.0 65.99595914285945
627000.0 66.0542643618355
628000.0 65.99888817944282
629000.0 65.86908046266143
630000.0 65.73590001520137
633000.0 66.06377175379087
634000.0 66.08285285440472
637000.0 65.76489106822854
638000.0 65.80222154928603
640000.0 65.93501671315545
641000.0 65.95063578634426
642000.0 65.84913809029857
643000.0 65.72709554275127
644000.0 65.7848161801871
645000.0 65.9958725305495
646000.0 66.05438001059008
647000.0 65.99879900393854
648000.0 65.86927924204136
649000.0 65.73616306406745
650000.0 65.78942485871936
652000.0 65.93098386853296
653000.0 65.94786329168608
655000.0 65.78768212326744
656000.0 65.80920655717622
657000.0 66.0061862009567
659000.0 66.06388844121686
660000.0 65.89684666460437
662000.0 65.85915228579778
663000.0 66.03009512783115
664000.0 66.07233379966016
667000.0 65.76782222646284
668000.0 65.69738850082389
669000.0 65.77506946779363
670000.0 65.99448320952708
671000.0 66.05587513867684
673000.0 65.80947344753054
674000.0 65.71273158755554
675000.0 65.78030125858442
676000.0 65.99535174016384
677000.0 66.05543279705705
679000.0 65.80822045086667
681000.0 66.01263144872453
682000.0 66.17271477090631
683000.0 66.13127347188504
684000.0 66.03619209850953
686000.0 65.81348979311414
687000.0 65.82782068814177
688000.0 66.02160456769731
689000.0 66.07274967075787
690000.0 66.01415958001485
691000.0 65.88308959614685
692000.0 65.74913240518418
693000.0 65.80186255059502
695000.0 66.11399991558535
697000.0 66.0937775452999
698000.0 65.91785463810217
699000.0 65.76625830757746
700000.0 65.81171590266268
701000.0 66.01799700221004
702000.0 66.07379646584029
703000.0 66.01714867545651
704000.0 65.88648230531827
705000.0 65.75267150463726
706000.0 65.80545564870957
707000.0 66.0141273827147
708000.0 66.17998868059652
709000.0 66.1408282327493
710000.0 65.93811949315713
711000.0 65.7756534462051
712000.0 65.81690464095678
713000.0 66.02138488160548
714000.0 66.18506015999344
715000.0 66.14515522968401
716000.0 65.94178149008786
717000.0 65.77903858589347
718000.0 65.82025044535135
719000.0 66.02473936576706
721000.0 66.2568748229551
722000.0 66.17881548841957
723000.0 65.9604759764395
724000.0 65.79137455652287
725000.0 65.82999344117546
726000.0 66.03268855977794
727000.0 66.0877251296014
728000.0 66.03013240340198
729000.0 65.89898924451334
730000.0 65.7648852340094
731000.0 65.81719400799156
732000.0 66.02555222944315
733000.0 66.1914147188462
734000.0 66.15174346629684
735000.0 66.05677806831105
736000.0 65.91098922799782
737000.0 65.87955520040336
738000.0 66.0549668580181
739000.0 66.20688172385404
740000.0 66.16231322110796
741000.0 66.06477713514477
742000.0 65.91806437897586
743000.0 65.77755541685057
745000.0 65.86341899440028
746000.0 66.04746226175801
747000.0 66.09449814174944
748000.0 66.03387078960768
749000.0 65.90139991510256
750000.0 65.76678454109457
751000.0 65.8188133256136
753000.0 66.13009433213352
754000.0 66.12659561586914
755000.0 65.9375809013832
756000.0 65.78045291520748
757000.0 65.82382463958268
758000.0 66.02893837066561
759000.0 66.19286215249406
760000.0 66.15276126958486
761000.0 66.05791680588707
762000.0 65.91189267291952
763000.0 65.88016560822086
764000.0 66.0556095258455
765000.0 66.20747807086794
766000.0 66.1626798208655
767000.0 66.0657642432845
769000.0 65.84068633140748
770000.0 65.85411917389322
771000.0 66.04723481068274
772000.0 66.20609643147667
773000.0 66.16391167863253
774000.0 65.95954035387233
775000.0 65.79628107318818
776000.0 65.83561999381132
777000.0 66.04001758989475
779000.0 66.27146672156366
780000.0 66.19307801772798
781000.0 65.9744173132444
783000.0 65.90586579141859
784000.0 66.07230377348793
786000.0 66.11141654168674
789000.0 66.01557290995106
790000.0 66.12020353580358
791000.0 66.24386206611425
793000.0 66.14820976265763
794000.0 65.96262846359755
795000.0 65.91518056638084
796000.0 66.08378175940798
799000.0 66.11186834713413
800000.0 65.95020616604475
802000.0 65.91205196920646
804000.0 66.16825739347055
805000.0 66.2667968499227
806000.0 66.20020441679634
807000.0 65.98567825651622
808000.0 65.81787512965181
809000.0 65.85651284867227
810000.0 66.0592270892697
811000.0 66.22143235719857
812000.0 66.18056528460829
814000.0 65.87500917673145
816000.0 66.06788089842952
817000.0 66.22485459453063
818000.0 66.1816123101928
820000.0 65.87473639652413
821000.0 65.76998463051734
822000.0 65.83349839299083
823000.0 66.04606542401986
825000.0 66.11041232689334
826000.0 65.94312455538228
827000.0 65.79428452657118
828000.0 65.84030088161586
829000.0 66.0459898625885
831000.0 66.2778796409174
832000.0 66.19975528538393
833000.0 66.08934441526952
835000.0 66.02787984073662
836000.0 66.12904156104925
837000.0 66.25128701465411
838000.0 66.19418339078848
839000.0 66.09204860017424
840000.0 65.94258247839178
841000.0 65.8004045284799
842000.0 65.84886182245
844000.0 66.15725086451484
845000.0 66.1528151115548
846000.0 65.9629501849683
847000.0 65.80507405212242
849000.0 66.05211810389662
850000.0 66.21537681187434
851000.0 66.17486664761302
852000.0 66.0791516023713
855000.0 66.0195738785217
856000.0 66.12492272619224
857000.0 66.24893906267202
858000.0 66.19257264139974
860000.0 65.87888833467933
862000.0 65.89929013612208
863000.0 66.075256001587
864000.0 66.11866591372085
865000.0 66.05613320149027
866000.0 65.92264987504728
867000.0 65.78717106026079
868000.0 65.83860768074251
869000.0 66.0465909886446
870000.0 66.21133844805749
871000.0 66.1710170328357
872000.0 65.96735107788348
873000.0 65.80375345949727
874000.0 65.8443295419389
875000.0 66.04798754168804
876000.0 66.21104310483047
877000.0 66.17011893259617
878000.0 66.07451780184996
879000.0 65.92792833506012
880000.0 65.78733068781402
881000.0 65.9455508088769
882000.0 66.16951965445467
885000.0 66.11000148845498
886000.0 65.94414227509107
887000.0 65.7958245214271
888000.0 65.84232869305019
889000.0 66.0481334203947
890000.0 66.21228170416049
891000.0 66.17168161058504
893000.0 65.86683339512484
894000.0 65.87108402720872
895000.0 66.06046130685667
896000.0 66.21775139851769
897000.0 66.17477345108657
898000.0 66.0782410994323
899000.0 65.93101391038108
900000.0 65.79014848034308
901000.0 65.83942611725487
902000.0 66.04625084312876
903000.0 66.10251497676684
905000.0 66.02245641457868
906000.0 65.90462601171171
907000.0 65.77532913256357
909000.0 66.03833842826644
910000.0 66.20392648378622
911000.0 66.16405220542623
912000.0 65.96040655632036
913000.0 65.79724897730802
914000.0 65.83803253025334
915000.0 66.04190894870018
916000.0 66.20497769128508
917000.0 66.16439625344914
918000.0 66.06914860399004
919000.0 65.9227545707224
920000.0 65.78224265961782
921000.0 65.94042004021021
922000.0 66.16442484371353
924000.0 66.12493696935967
925000.0 65.94620506703242
926000.0 65.79301947474232
927000.0 65.83731815352758
928000.0 66.0426862185213
929000.0 66.0977445309563
931000.0 66.01763745788868
933000.0 65.83396741949285
934000.0 65.85161616315064
935000.0 66.04658072603351
936000.0 66.2061289498466
937000.0 66.16414781163135
938000.0 66.06838679637843
939000.0 65.9218809951002
941000.0 66.06491123922069
942000.0 66.2166084310441
943000.0 66.17134147601253
944000.0 66.07408265175593
945000.0 65.926922698282
946000.0 65.78598133629959
947000.0 65.83532350775891
949000.0 65.97294081894617
950000.0 65.9883953844534
951000.0 65.88584563048155
953000.0 65.88230791724801
954000.0 66.05646105556035
957000.0 66.08995448579982
958000.0 66.03671856234823
959000.0 65.90722412439388
960000.0 65.77348551354767
961000.0 65.82589001840276
962000.0 66.03433193873089
963000.0 66.09088408671762
965000.0 65.8405724355689
966000.0 65.74253989459669
967000.0 65.80876235414944
969000.0 65.95679910076474
970000.0 65.97363993230107
971000.0 65.87212146602285
972000.0 65.74966456013463
973000.0 65.80685513161286
974000.0 66.01769541272665
975000.0 66.18398541280956
976000.0 66.14489475617889
977000.0 66.05047433714893
978000.0 65.90467129056294
979000.0 65.87348113570695
984000.0 65.98446273398318
985000.0 65.87720003523711
986000.0 65.75234185483676
987000.0 65.80849054762422
988000.0 66.01888747362294
989000.0 66.07640162256062
990000.0 66.02012942493644
991000.0 65.88974765530924
992000.0 65.75604656569854
993000.0 65.80862934581637
994000.0 66.01771238996665
995000.0 66.07502527580489
996000.0 66.01841667142006
997000.0 65.88799166352067
998000.0 65.75415417459743
999000.0 65.80681692336753
1000000.0 66.01593429705325
1001000.0 66.18171709707914
1002000.0 66.14229802748193
1003000.0 66.04778768806617
1004000.0 65.90220624410608
1005000.0 65.87101620236021
1006000.0 66.04642409469871
1007000.0 66.19909101012861
1010000.0 66.09665726005053
1011000.0 65.92953381449196
1013000.0 66.06143787813477
1015000.0 66.1040700268608
1016000.0 66.04310382020091
1017000.0 65.91025632096145
1018000.0 65.77524446363373
1019000.0 65.82702896828688
1020000.0 66.0352364500845
1022000.0 66.0977643760288
1023000.0 65.93058700567734
1024000.0 65.78201444444879
1026000.0 66.03409819387596
1027000.0 66.19898128712524
1028000.0 66.15884776824936
1029000.0 66.06377201756936
1030000.0 65.9174415575736
1031000.0 65.77739484611335
1033000.0 65.86315771228183
1034000.0 66.04730064569823
1035000.0 66.09417904380852
1036000.0 66.0336573459445
1037000.0 65.90136249843009
1038000.0 65.7666488058986
1039000.0 65.81873404679584
1040000.0 66.02736677479969
1041000.0 66.19260343487042
1042000.0 66.15294822228523
1044000.0 65.84943567946503
1045000.0 65.8542680117045
1046000.0 66.04411786372286
1048000.0 66.09647166264995
1049000.0 66.0365156472049
1050000.0 65.90442574369675
1052000.0 66.05587833172746
1053000.0 66.20861375767377
1054000.0 66.16402837607455
1055000.0 66.06722925429402
1056000.0 65.92032583445395
1057000.0 65.77962227662793
1058000.0 65.82919010490359
1059000.0 66.03640755479789
1060000.0 66.20130243980091
1062000.0 66.12895924832006
1065000.0 66.01402437468522
1067000.0 66.17873739331505
1068000.0 66.15845476902285
1069000.0 66.07089213880933
1071000.0 65.85071305770627
1072000.0 65.8644473092563
1073000.0 66.05750560321829
1074000.0 66.2161561723233
1075000.0 66.17362055895862
1076000.0 66.07741139468018
1077000.0 65.9304061333026
1078000.0 65.8983087940554
1079000.0 66.07312965007375
1080000.0 66.22452106442105
1082000.0 66.14444340953712
1083000.0 65.96066295596
1084000.0 65.80526613781802
1085000.0 65.95713033774892
1086000.0 66.1788177523768
1088000.0 66.13747100811388
1089000.0 66.06646939102083
1090000.0 65.92958138790804
1091000.0 65.79248714846605
1092000.0 65.84325270903659
1093000.0 66.05057916786252
1094000.0 66.21516831309363
1096000.0 66.14214058259117
1097000.0 65.95943936963809
1098000.0 65.80439434480601
1099000.0 65.95661572687334
1101000.0 66.26907862386807
1102000.0 66.19933698367012
1103000.0 65.98374057959701
1104000.0 65.81553541616876
1105000.0 65.85392501493475
1106000.0 66.05626648359556
1107000.0 66.21936415451235
1108000.0 66.17804890492488
1109000.0 66.08212509712325
1110000.0 65.93526858665196
1112000.0 65.73500846525954
1113000.0 65.81663417819973
1114000.0 66.03638199795635
1115000.0 66.20603275588735
1117000.0 65.96458002127115
1118000.0 65.80155363254781
1120000.0 66.04615319844507
1121000.0 66.20918104687941
1122000.0 66.16853035731577
1123000.0 66.07295052540414
1124000.0 65.92642586096585
1125000.0 65.78570313284106
1126000.0 65.61772593129282
