339000.0 50.73
340000.0 50.730280890051006
344000.0 50.737146810528934
345000.0 50.740470940383794
346000.0 50.74449154603597
347000.0 50.74944153379756
349000.0 50.76323738046896
350000.0 50.77263056860214
351000.0 50.784289360000834
352000.0 50.79874177932477
353000.0 50.816533449339055
354000.0 50.83832563568306
355000.0 50.86462663026461
356000.0 50.89600131709032
357000.0 50.932869123596085
358000.0 50.97576554442908
359000.0 51.02519447084302
360000.0 51.08144552372576
361000.0 51.14482343382892
363000.0 51.29137464230642
364000.0 51.37284745220521
368000.0 51.74133346713137
369000.0 51.84326122385975
371000.0 52.05581512113345
373000.0 52.27641967690619
374000.0 52.38945696824903
375000.0 52.50452665988382
376000.0 52.62128705209493
377000.0 52.73933000995149
378000.0 52.85801683928882
379000.0 52.9771508101819
382000.0 53.338087123220426
383000.0 53.459498369566084
384000.0 53.58100775055641
385000.0 53.70222486040202
386000.0 53.823151502836815
387000.0 53.9442521885173
388000.0 54.065711547703145
390000.0 54.3082570038533
392000.0 54.54823140162304
393000.0 54.66743399523767
394000.0 54.7866381697649
396000.0 55.02482844532861
397000.0 55.14331217171624
398000.0 55.26093127385438
399000.0 55.37743641181674
400000.0 55.4930714595307
401000.0 55.60816778195696
402000.0 55.72291385007966
404000.0 55.95011554164386
405000.0 56.061901194651284
406000.0 56.17240241346459
407000.0 56.28199671250145
408000.0 56.391137950369384
410000.0 56.607273513772746
412000.0 56.81919268056676
413000.0 56.92331587149679
414000.0 57.0267309999318
415000.0 57.12970311129494
416000.0 57.23197572185468
419000.0 57.53254060596972
420000.0 57.63074288392965
421000.0 57.72848889834112
422000.0 57.82579873446999
424000.0 58.017788262651216
425000.0 58.1117641857113
427000.0 58.29437678266075
428000.0 58.38281601453379
429000.0 58.4693106568325
431000.0 58.63586348887011
432000.0 58.715730383524544
433000.0 58.79315412056417
434000.0 58.86814471212224
435000.0 58.94061354807153
436000.0 59.010644346274205
437000.0 59.07836986006346
438000.0 59.14386918124627
439000.0 59.20703676332491
440000.0 59.2679541836695
442000.0 59.383784910101426
443000.0 59.43920367783021
444000.0 59.49316921474891
445000.0 59.54580462599296
446000.0 59.59742168832165
447000.0 59.64812070871515
448000.0 59.69800114778865
449000.0 59.74732127860432
452000.0 59.89289007123569
454000.0 59.98906544081583
455000.0 60.03734245865237
456000.0 60.08600899830087
458000.0 60.18418698604181
459000.0 60.233307806460836
460000.0 60.28231949867959
461000.0 60.33125878093999
463000.0 60.42927986189408
464000.0 60.4780695217227
465000.0 60.526600322038945
466000.0 60.57492489586695
467000.0 60.62325001436333
468000.0 60.67160253068853
469000.0 60.71988711087393
470000.0 60.76784245084477
471000.0 60.81539966808919
472000.0 60.862618899268504
473000.0 60.909722482803915
475000.0 61.003424108123625
476000.0 61.04970399908043
478000.0 61.14111892295945
479000.0 61.18652274172255
480000.0 61.23178883908202
483000.0 61.366012397937745
484000.0 61.40991063706147
485000.0 61.45356664917286
486000.0 61.4969635533927
487000.0 61.53986345907024
488000.0 61.5822141807295
489000.0 61.62409664177217
490000.0 61.66574054235674
491000.0 61.707197590735746
492000.0 61.74838714318696
493000.0 61.78907572976569
494000.0 61.82927823372295
495000.0 61.86922849393038
496000.0 61.90898009971514
497000.0 61.948454186719275
498000.0 61.98741791543764
499000.0 62.02582266957756
500000.0 62.06375295719902
501000.0 62.10143611693741
502000.0 62.138933793305625
504000.0 62.21307972593081
505000.0 62.24944020645984
506000.0 62.28532459094377
507000.0 62.320969671810786
508000.0 62.356432813484915
509000.0 62.39163666291132
510000.0 62.42635134929867
511000.0 62.46052865619758
512000.0 62.494251503039315
513000.0 62.527759253538875
514000.0 62.56110583893048
516000.0 62.62702430116568
517000.0 62.65937482132637
520000.0 62.75522710865886
521000.0 62.78674673144847
522000.0 62.817788886561
523000.0 62.8483668558912
524000.0 62.87872357093856
525000.0 62.90891651633203
526000.0 62.938870115282015
527000.0 62.96835922437477
529000.0 63.02582241516517
530000.0 63.053894898829945
531000.0 63.08179645821542
532000.0 63.109582511290725
533000.0 63.13717567708309
534000.0 63.16434683936561
535000.0 63.191114055846015
536000.0 63.21771536004528
537000.0 63.244203978792584
538000.0 63.27057668163593
539000.0 63.296757632737474
540000.0 63.322514338632395
541000.0 63.347864469413516
542000.0 63.373111775820284
543000.0 63.39847471721236
544000.0 63.423688087138274
545000.0 63.44847018891836
546000.0 63.472832745052365
547000.0 63.497017243254774
548000.0 63.52108032649138
549000.0 63.54501931537404
550000.0 63.5687606848657
551000.0 63.59207653205669
552000.0 63.614988267200346
553000.0 63.6378022963105
554000.0 63.660726783334276
556000.0 63.70604374273713
557000.0 63.728087236258126
559000.0 63.771037140899814
560000.0 63.79231669208763
561000.0 63.81372535177894
562000.0 63.83507004892824
563000.0 63.85621218082311
564000.0 63.87692738502274
565000.0 63.89723767602192
566000.0 63.917453055417035
567000.0 63.93778717088434
568000.0 63.95798288006259
569000.0 63.97776119233383
570000.0 63.99713833026149
571000.0 64.01642092284271
572000.0 64.03582846690604
573000.0 64.05517023635221
574000.0 64.07431209583318
575000.0 64.09303091497668
576000.0 64.11135097621921
577000.0 64.12958232664856
578000.0 64.14793199957909
579000.0 64.16622422394558
580000.0 64.18432403053747
581000.0 64.20199618156998
583000.0 64.2362105323258
584000.0 64.25314020003542
585000.0 64.27021039586396
586000.0 64.28723716645045
587000.0 64.30407984973645
588000.0 64.32052308893961
591000.0 64.36777414532683
592000.0 64.3832149811882
593000.0 64.39852239222407
594000.0 64.41347947549171
595000.0 64.42810269259749
596000.0 64.44269942293401
597000.0 64.45747767835527
598000.0 64.47219598835255
599000.0 64.48655800819019
600000.0 64.50057299492386
601000.0 64.51455345207225
602000.0 64.52872861753568
603000.0 64.54289183195252
604000.0 64.55692178652961
605000.0 64.57058644908166
607000.0 64.59695633811891
608000.0 64.61003592979165
609000.0 64.62336989260066
610000.0 64.63692242591368
611000.0 64.65038303794965
612000.0 64.66345906182632
613000.0 64.67616135523268
615000.0 64.70151079455921
616000.0 64.71443324794016
617000.0 64.7272460945218
619000.0 64.75192828282036
621000.0 64.77607535972786
622000.0 64.78803889311145
623000.0 64.7998626986989
624000.0 64.81132062985719
625000.0 64.82243764000863
626000.0 64.83352093576379
627000.0 64.84478267428031
628000.0 64.85604464300566
629000.0 64.86717703543579
630000.0 64.87794697699181
633000.0 64.90899344375723
634000.0 64.91955762927826
637000.0 64.95053791989281
638000.0 64.96029504644763
640000.0 64.97958994197484
641000.0 64.98919420463488
642000.0 64.99870071537177
643000.0 65.00788192213805
644000.0 65.01676145393168
645000.0 65.02564751333473
646000.0 65.03475681484733
647000.0 65.04389494116508
648000.0 65.0529322879019
649000.0 65.06164128722843
650000.0 65.07004353504934
652000.0 65.08672353427147
653000.0 65.0950586535096
655000.0 65.11144217704175
656000.0 65.11928363231281
657000.0 65.12713749014017
659000.0 65.1435118249338
660000.0 65.15170840399321
662000.0 65.16729545240858
663000.0 65.17501034377038
664000.0 65.18293712461383
667000.0 65.20608628502433
668000.0 65.21321151269629
669000.0 65.22004778220645
670000.0 65.22690377519568
671000.0 65.2339987407029
673000.0 65.2480184067396
674000.0 65.25460196189884
675000.0 65.26090065167149
676000.0 65.26722635330451
677000.0 65.27380632992252
679000.0 65.28683470974086
681000.0 65.29919417209845
682000.0 65.30568612760906
683000.0 65.31245259635556
684000.0 65.31922639039882
686000.0 65.33239704171686
687000.0 65.3385829974697
688000.0 65.34475226589758
689000.0 65.35113065171221
690000.0 65.35752819028414
691000.0 65.3638104303783
692000.0 65.36976370864718
693000.0 65.3754082041367
695000.0 65.38681310078483
697000.0 65.39906893370858
698000.0 65.40517105748388
699000.0 65.41092111175577
700000.0 65.41635121385102
701000.0 65.42177259929696
702000.0 65.42739754301694
703000.0 65.43304898312654
704000.0 65.43859589099213
705000.0 65.44381378994056
706000.0 65.44872725480478
707000.0 65.45365379793806
708000.0 65.45886596091118
709000.0 65.46433914206625
710000.0 65.46975674306138
711000.0 65.47484228592728
712000.0 65.47960899456065
713000.0 65.48437049287259
714000.0 65.48941627112728
715000.0 65.4947226154616
716000.0 65.49997274421483
717000.0 65.50486999112857
718000.0 65.50943623276923
719000.0 65.51399105204264
721000.0 65.52398408185347
722000.0 65.52935951882189
723000.0 65.53464047941321
724000.0 65.53955345320254
725000.0 65.5441147920211
726000.0 65.54864090326492
727000.0 65.55336388929484
728000.0 65.55809497765446
729000.0 65.56270208051791
730000.0 65.56696460835037
731000.0 65.57091312350494
732000.0 65.57486619094341
733000.0 65.57909824654823
734000.0 65.5835932926905
735000.0 65.5880955277541
736000.0 65.59246940666009
737000.0 65.59655640520033
738000.0 65.60061044500894
739000.0 65.60492551365373
740000.0 65.6094737568171
741000.0 65.61400072873174
742000.0 65.61838703204921
743000.0 65.62240904572242
745000.0 65.62952432166107
746000.0 65.63300688113368
747000.0 65.63670697370158
748000.0 65.64043608817184
749000.0 65.64406368449256
750000.0 65.64736730465371
751000.0 65.65037250566196
753000.0 65.65654399180535
754000.0 65.65996856521184
755000.0 65.66337383108049
756000.0 65.66646283861202
757000.0 65.66925249195491
758000.0 65.67205393259664
759000.0 65.67515645008045
760000.0 65.67854099464294
761000.0 65.68195173125339
762000.0 65.68526186734316
763000.0 65.68830659083403
764000.0 65.69134015919253
765000.0 65.69463953272937
766000.0 65.69818531604011
767000.0 65.70172515764092
769000.0 65.70836853697678
770000.0 65.71126972056125
771000.0 65.71414865150562
772000.0 65.71729993371547
773000.0 65.7206921223432
774000.0 65.72400936518508
775000.0 65.72697822847253
776000.0 65.72961478044226
777000.0 65.73223554711971
779000.0 65.73834808077615
780000.0 65.74178313000881
781000.0 65.74512406876408
783000.0 65.75090280468287
784000.0 65.75366955654326
786000.0 65.75971229601083
789000.0 65.76862177973118
790000.0 65.77152869927976
791000.0 65.7746615072914
793000.0 65.78145969673231
794000.0 65.78474740260471
795000.0 65.78770248912821
796000.0 65.79058399304594
799000.0 65.80006788619085
800000.0 65.80317892222364
802000.0 65.80871384909422
804000.0 65.81397455546055
805000.0 65.81689746215426
806000.0 65.82000319849561
807000.0 65.82300307567856
808000.0 65.82559551837674
809000.0 65.82781570138918
810000.0 65.82999396710258
811000.0 65.83240061026744
812000.0 65.83502603559562
814000.0 65.83988680167184
816000.0 65.84379955551816
817000.0 65.84597801033054
818000.0 65.84838892902324
820000.0 65.85285433964701
821000.0 65.85457529752719
822000.0 65.85597954291099
823000.0 65.85737091926474
825000.0 65.86080322011293
826000.0 65.86252363908248
827000.0 65.86391454561294
828000.0 65.86500701131538
829000.0 65.86610872813003
831000.0 65.8692502146261
832000.0 65.87123856410726
833000.0 65.87322336391546
835000.0 65.87700271702751
836000.0 65.8788703136201
837000.0 65.88096991783905
838000.0 65.8832821717119
839000.0 65.88554834049992
840000.0 65.8876600852035
841000.0 65.8893939630018
842000.0 65.89078096844415
844000.0 65.893590277039
845000.0 65.89527922425854
846000.0 65.89691786477255
847000.0 65.89821292506728
849000.0 65.90014728211214
850000.0 65.90139306017883
851000.0 65.90290611340768
852000.0 65.90443270268949
855000.0 65.9087120189128
856000.0 65.91011560267123
857000.0 65.91175995807544
858000.0 65.91362738268323
860000.0 65.91698517724008
862000.0 65.91918209130914
863000.0 65.92018408183499
864000.0 65.92138542594594
865000.0 65.92260802185969
866000.0 65.92371974401111
867000.0 65.92451016663682
868000.0 65.92499812843856
869000.0 65.92550063218889
870000.0 65.92630388571563
871000.0 65.92739129383177
872000.0 65.92844757486442
873000.0 65.92918482487175
874000.0 65.92961725447711
875000.0 65.93006250301997
876000.0 65.93081493410706
877000.0 65.93185186637804
878000.0 65.93291770416444
879000.0 65.93388446175398
880000.0 65.93452771140718
881000.0 65.93493962440883
882000.0 65.93559739532375
885000.0 65.93901898493017
886000.0 65.9401787489904
887000.0 65.94099902567524
888000.0 65.94150394652405
889000.0 65.94199915160834
890000.0 65.94278856166216
891000.0 65.9438498378234
893000.0 65.94571325009215
894000.0 65.94625591723134
895000.0 65.94679605872776
896000.0 65.94761274011202
897000.0 65.94868831217543
898000.0 65.94977732937005
899000.0 65.95075504435732
900000.0 65.95139855428991
901000.0 65.95172883669751
902000.0 65.95206597080187
903000.0 65.95264049998896
905000.0 65.95387827634991
906000.0 65.95440388070905
907000.0 65.95463150386122
909000.0 65.95458301643409
910000.0 65.9548971218216
911000.0 65.9555049265053
912000.0 65.95609912512698
913000.0 65.95638987866019
914000.0 65.95639050250344
915000.0 65.95641993930569
916000.0 65.95677417416286
917000.0 65.95742472905943
918000.0 65.95811698575721
919000.0 65.95871796455486
920000.0 65.9590079840872
921000.0 65.95907737715392
922000.0 65.95940043977134
924000.0 65.96084680857395
925000.0 65.96158458542608
926000.0 65.96199813711182
927000.0 65.96210835499386
928000.0 65.96223621079649
929000.0 65.9626106879507
931000.0 65.96346687693463
933000.0 65.96403835156184
934000.0 65.96399725484254
935000.0 65.96397811235927
936000.0 65.96427302408786
937000.0 65.96486517894577
938000.0 65.9655132980621
939000.0 65.96607183321976
941000.0 65.96669568958045
942000.0 65.96729093816396
943000.0 65.96815640020587
944000.0 65.96903977440269
945000.0 65.96981606768904
946000.0 65.97026158967024
947000.0 65.97039558487349
949000.0 65.97057461370291
950000.0 65.9706843852196
951000.0 65.97074697981569
953000.0 65.97023860190045
954000.0 65.96999331003047
957000.0 65.9708093997644
958000.0 65.97125562607513
959000.0 65.97161949047698
960000.0 65.97168276425765
961000.0 65.97147271451385
962000.0 65.97130252959242
963000.0 65.97139363817642
965000.0 65.97148422902717
966000.0 65.97114215532034
967000.0 65.97055617650504
969000.0 65.96945480033065
970000.0 65.96900005416822
971000.0 65.96853384717832
972000.0 65.96783473617792
973000.0 65.96692913476089
974000.0 65.96612328222578
975000.0 65.96567793228854
976000.0 65.96558065472735
977000.0 65.96557747760546
978000.0 65.96553391161008
979000.0 65.9652846588964
984000.0 65.964374927771
985000.0 65.96423960877256
986000.0 65.96384734092305
987000.0 65.9632168749726
988000.0 65.96266207279008
989000.0 65.96240526499152
990000.0 65.96225973485392
991000.0 65.96208292277767
992000.0 65.96166028054542
993000.0 65.96101112246923
994000.0 65.9604421463996
995000.0 65.96017340172726
996000.0 65.96001632953576
997000.0 65.95982973761645
998000.0 65.95939107932567
999000.0 65.95872792020616
1000000.0 65.95814873562036
1001000.0 65.95793488710173
1002000.0 65.95805798317316
1003000.0 65.9582619868979
1004000.0 65.95841144826427
1005000.0 65.95835354235719
1006000.0 65.95832262699955
1007000.0 65.95861108155574
1010000.0 65.96101495933928
1011000.0 65.96185158101744
1013000.0 65.96297495592444
1015000.0 65.96470820927397
1016000.0 65.96562555330341
1017000.0 65.96638949172305
1018000.0 65.96682518013544
1019000.0 65.96696298852382
1020000.0 65.96712116338634
1022000.0 65.96813283009399
1023000.0 65.96866032576519
1024000.0 65.9688938014265
1026000.0 65.96879978069218
1027000.0 65.96908337710298
1028000.0 65.96965473092604
1029000.0 65.97026946221592
1030000.0 65.97078679616527
1031000.0 65.97099254735471
1033000.0 65.97062980720307
1034000.0 65.97044699683894
1035000.0 65.9705307430912
1036000.0 65.97069028693225
1037000.0 65.9707888410039
1038000.0 65.97060696685546
1039000.0 65.97017290868452
1040000.0 65.96979636822071
1041000.0 65.96976093968796
1042000.0 65.97003997439808
1044000.0 65.97046585581364
1045000.0 65.97034951559151
1046000.0 65.97025509789047
1048000.0 65.97082601274222
1049000.0 65.97122513684708
1050000.0 65.97155092973173
1052000.0 65.97175114804496
1053000.0 65.9721532189343
1054000.0 65.97283684860815
1055000.0 65.97354689225767
1056000.0 65.97415682897015
1057000.0 65.97444167031003
1058000.0 65.97443569132044
1059000.0 65.97444599699878
1060000.0 65.97476454758679
1062000.0 65.97616872886529
1065000.0 65.97833500225738
1067000.0 65.97983263997862
1068000.0 65.98085719273193
1069000.0 65.98187419964668
1071000.0 65.98346150346651
1072000.0 65.98384365685031
1073000.0 65.98420697267237
1074000.0 65.98484141079737
1075000.0 65.98572141156147
1076000.0 65.98660999340294
1077000.0 65.98736899585832
1078000.0 65.9878597602849
1079000.0 65.98832184202817
1080000.0 65.98903793352922
1082000.0 65.99112959389666
1083000.0 65.99211776166456
1084000.0 65.99273582669967
1085000.0 65.99308121439263
1086000.0 65.99364113193573
1088000.0 65.99543551124476
1089000.0 65.99635381680409
1090000.0 65.99713527840763
1091000.0 65.99756503326488
1092000.0 65.99767498941391
1093000.0 65.99778069722981
1094000.0 65.9981702149335
1096000.0 65.99965122983541
1097000.0 66.00035995091169
1098000.0 66.00071975493876
1099000.0 66.00082260817587
1101000.0 66.00180276629646
1102000.0 66.00269089633923
1103000.0 66.00350188116292
1104000.0 66.00396347341285
1105000.0 66.0040933497587
1106000.0 66.00420894502851
1107000.0 66.00460381674924
1108000.0 66.00525780367863
1109000.0 66.00591810310446
1110000.0 66.00645924553616
1112000.0 66.00648285742528
1113000.0 66.00602797320929
1114000.0 66.00560811927487
1115000.0 66.00550778578966
1117000.0 66.0058620780603
1118000.0 66.00572229612833
1120000.0 66.00489549635223
1121000.0 66.00481537226125
1122000.0 66.00503187867159
1123000.0 66.00528928521616
1124000.0 66.00546131135263
1125000.0 66.00532307354987
1126000.0 66.00476859013268
