339000.0 50.710524989859096
340000.0 50.71776371120142
344000.0 50.806783790537196
345000.0 50.84013961552375
346000.0 50.878203802394445
347000.0 50.93503421217005
349000.0 51.13593474141475
350000.0 51.28801332095387
351000.0 51.491153464917694
352000.0 51.75354468657782
353000.0 52.080871382816106
354000.0 52.483183460929894
355000.0 52.954888910899264
356000.0 53.49726515426253
357000.0 54.10073481646354
358000.0 54.7693367095486
359000.0 55.50082401309089
360000.0 56.28112634927693
361000.0 57.10405114180047
363000.0 58.70561006352812
364000.0 59.39974093485016
368000.0 61.56697457125246
369000.0 62.032745903986054
371000.0 62.80092198297155
373000.0 63.34268552699965
374000.0 63.58300594086755
375000.0 63.83275865017707
376000.0 64.06758029644024
377000.0 64.27302657204747
378000.0 64.42606109750969
379000.0 64.54495846203514
382000.0 64.88870200765894
383000.0 65.00321012439137
384000.0 65.09374308185086
385000.0 65.15111572129634
386000.0 65.19529500894896
387000.0 65.26421295869476
388000.0 65.35826420958861
390000.0 65.50182715966334
392000.0 65.54136556370554
393000.0 65.56742253282049
394000.0 65.62830328824154
396000.0 65.7824711385463
397000.0 65.83918930021903
398000.0 65.86423052782234
399000.0 65.85960350572941
400000.0 65.85631763760546
401000.0 65.8755772902749
402000.0 65.9181056037877
404000.0 65.96434156316747
405000.0 65.94352231164447
406000.0 65.90987915701679
407000.0 65.89446556324758
408000.0 65.91615938306668
410000.0 65.9624993455881
412000.0 65.94590446193071
413000.0 65.91943003855658
414000.0 65.92153450847186
415000.0 65.95362442937048
416000.0 65.98325329689159
419000.0 65.97962760622751
420000.0 65.97582269255189
421000.0 66.00393971139201
422000.0 66.04810027406963
424000.0 66.0812774779727
425000.0 66.04700630486747
427000.0 65.8802663811475
428000.0 65.76611589752565
429000.0 65.64275634058866
431000.0 65.35103011223728
432000.0 65.18537144984514
433000.0 65.004823742282
434000.0 64.8177956117175
435000.0 64.62148041249961
436000.0 64.42639137635781
437000.0 64.24059055107816
438000.0 64.06331393478666
439000.0 63.88367840523092
440000.0 63.70788878158948
442000.0 63.40254712949652
443000.0 63.28711446805105
444000.0 63.191063512332235
445000.0 63.11305313213947
446000.0 63.06173810402047
447000.0 63.028754835002196
448000.0 63.010476003183484
449000.0 63.01464010628843
452000.0 63.11046817357359
454000.0 63.23643160293217
455000.0 63.322787426703336
456000.0 63.42931270724941
458000.0 63.64286498247895
459000.0 63.725101299697556
460000.0 63.79296264914495
461000.0 63.85506491853012
463000.0 63.98652479726231
464000.0 64.03470113994558
465000.0 64.07212548462245
466000.0 64.106911902648
467000.0 64.15329142170197
468000.0 64.20626318103128
469000.0 64.25584270170094
470000.0 64.28708077902444
471000.0 64.30496207294102
472000.0 64.31987105736634
473000.0 64.34707053723542
475000.0 64.40458587623345
476000.0 64.41558183265651
478000.0 64.43034102404775
479000.0 64.45189048144078
480000.0 64.47942665600557
483000.0 64.53629789623254
484000.0 64.53731517669269
485000.0 64.54800550982357
486000.0 64.56166698132331
487000.0 64.56174169651602
488000.0 64.55216569468702
489000.0 64.54260058893063
490000.0 64.54784681991477
491000.0 64.5631390839653
492000.0 64.57836200193873
493000.0 64.57842769669664
494000.0 64.57240013087906
495000.0 64.5780387609033
496000.0 64.59217185349189
497000.0 64.60553851766277
498000.0 64.6034709831699
499000.0 64.5909768069815
500000.0 64.57824929077793
501000.0 64.58043735536772
502000.0 64.59277456954081
504000.0 64.61309174827048
505000.0 64.60551212871577
506000.0 64.59451538827005
507000.0 64.59677421302362
508000.0 64.60844502051266
509000.0 64.6198696010404
510000.0 64.61624808615261
511000.0 64.60241455330919
512000.0 64.58853034050658
513000.0 64.58968956435871
514000.0 64.60110849467289
516000.0 64.61993755021255
517000.0 64.61595962185174
520000.0 64.64717341199575
521000.0 64.65830108720753
522000.0 64.65285015709182
523000.0 64.64076828178972
524000.0 64.64041706548329
525000.0 64.6488453389367
526000.0 64.65691754244719
527000.0 64.65001507208072
529000.0 64.61204012564183
530000.0 64.59424603765339
531000.0 64.59319947045846
532000.0 64.60339914560683
533000.0 64.61433783700508
534000.0 64.61076892908049
535000.0 64.60152361242244
536000.0 64.60431557258084
537000.0 64.61591367376842
538000.0 64.63126895543829
539000.0 64.64345201285612
540000.0 64.63913740262748
541000.0 64.62822361241227
542000.0 64.63332240329325
543000.0 64.65914722403683
544000.0 64.6782627993734
545000.0 64.6757813295812
546000.0 64.66420355163203
547000.0 64.66309037780516
548000.0 64.67014513236273
549000.0 64.68086285780377
550000.0 64.68861040583238
551000.0 64.68009633359873
552000.0 64.66531913558796
553000.0 64.66688562046126
554000.0 64.68952354970175
556000.0 64.71097064438943
557000.0 64.69780267630172
559000.0 64.66473642897844
560000.0 64.66869062675939
561000.0 64.69240809360024
562000.0 64.71326734672502
563000.0 64.72449383222818
564000.0 64.71609507283792
565000.0 64.69975530248314
566000.0 64.69902254114608
567000.0 64.71909779852383
568000.0 64.73272522707832
569000.0 64.72519653906038
570000.0 64.70894793229485
571000.0 64.70785785473507
572000.0 64.72735775041262
573000.0 64.7445950575479
574000.0 64.75264451419878
575000.0 64.74144539990526
576000.0 64.72260265566004
577000.0 64.7196330895367
578000.0 64.7377654666847
579000.0 64.75387908504464
580000.0 64.76100349080401
581000.0 64.74906693214972
583000.0 64.7112956308908
584000.0 64.71165039126755
585000.0 64.73166047618747
586000.0 64.74901590272307
587000.0 64.75695215350682
588000.0 64.74551160350028
591000.0 64.69294252480579
592000.0 64.69294975934868
593000.0 64.69493339536312
594000.0 64.68336762679175
595000.0 64.66695770431129
596000.0 64.66763455950976
597000.0 64.68980593873208
598000.0 64.70576678960433
599000.0 64.70052397289676
600000.0 64.68647254455121
601000.0 64.68742031089303
602000.0 64.70869608716576
603000.0 64.72764293236112
604000.0 64.73728045330645
605000.0 64.727534677025
607000.0 64.6937323729217
608000.0 64.69582791750973
609000.0 64.7216794487555
610000.0 64.75672569453965
611000.0 64.7759862220883
612000.0 64.76919933339771
613000.0 64.75128483089478
615000.0 64.75785789158385
616000.0 64.78327798821827
617000.0 64.79663011645691
619000.0 64.7758247920763
621000.0 64.77126192278308
622000.0 64.77421357967019
623000.0 64.77403651813337
624000.0 64.75789260145397
625000.0 64.73595614032565
626000.0 64.73087147000409
627000.0 64.74736953825747
628000.0 64.76228899501463
629000.0 64.76844983427385
630000.0 64.7556967180291
633000.0 64.728472169039
634000.0 64.75200321034696
637000.0 64.76151105025671
638000.0 64.74320104805454
640000.0 64.73579117319774
641000.0 64.74034074361688
642000.0 64.7423233277127
643000.0 64.72859206451987
644000.0 64.70914253358548
645000.0 64.70646911865173
646000.0 64.72521995906538
647000.0 64.74221967585441
648000.0 64.75026992759125
649000.0 64.73920261972644
650000.0 64.72057115393302
652000.0 64.71536473224602
653000.0 64.72154885045633
655000.0 64.72346704642946
656000.0 64.71057212700559
657000.0 64.71103685140965
659000.0 64.75890134144082
660000.0 64.77191121829001
662000.0 64.7535895763628
663000.0 64.75470048826438
664000.0 64.77317647431354
667000.0 64.77493400256978
668000.0 64.75076103935439
669000.0 64.72522675276694
670000.0 64.71885752983502
671000.0 64.73528258867357
673000.0 64.74729080810933
674000.0 64.73029322035005
675000.0 64.70915301764587
676000.0 64.70565619382322
677000.0 64.72407540128825
679000.0 64.73870368946442
681000.0 64.72723661996281
682000.0 64.75082351697853
683000.0 64.78345114556485
684000.0 64.8046301671015
686000.0 64.80806670324279
687000.0 64.7903074724111
688000.0 64.7848292406238
689000.0 64.7988070075795
690000.0 64.81019636577997
691000.0 64.81251758388872
692000.0 64.79584409631413
693000.0 64.77191766140379
695000.0 64.77198425166247
697000.0 64.82195201016111
698000.0 64.83152484620005
699000.0 64.81754899802561
700000.0 64.79395347535342
701000.0 64.78546689718782
702000.0 64.79790257208734
703000.0 64.80858199277102
704000.0 64.81057855416995
705000.0 64.7938417728932
706000.0 64.76998298276047
707000.0 64.76244070555306
708000.0 64.78063642394324
709000.0 64.8093198482109
710000.0 64.8231147485777
711000.0 64.8116240573036
712000.0 64.78954696128847
713000.0 64.78200512310688
714000.0 64.79932509122182
715000.0 64.82675320284459
716000.0 64.83915739028835
717000.0 64.82626989613794
718000.0 64.80284873315209
719000.0 64.79406264395432
721000.0 64.84093004885862
722000.0 64.87300059396658
723000.0 64.88560563675537
724000.0 64.87077993569926
725000.0 64.84439224371886
726000.0 64.83229538454128
727000.0 64.84088972194405
728000.0 64.84782667941248
729000.0 64.84627012564133
730000.0 64.82612242668024
731000.0 64.79917545134545
732000.0 64.78883478111027
733000.0 64.8044870599892
734000.0 64.83087120481386
735000.0 64.84688966034925
736000.0 64.84979367641279
737000.0 64.83598702168824
738000.0 64.83041010974998
739000.0 64.84653965573106
740000.0 64.87129256651971
741000.0 64.88471561649581
742000.0 64.88465987081047
743000.0 64.86360663020818
745000.0 64.80693189847118
746000.0 64.7984355017361
747000.0 64.81027518907574
748000.0 64.8200485118273
749000.0 64.8211049359509
750000.0 64.80343827963065
751000.0 64.77871378309514
753000.0 64.7774853232992
754000.0 64.80037702707465
755000.0 64.81173779440681
756000.0 64.79958527504016
757000.0 64.7777309698702
758000.0 64.7708184449356
759000.0 64.78899736309596
760000.0 64.81728839134765
761000.0 64.83478827449918
762000.0 64.83899473286502
763000.0 64.82633728876256
764000.0 64.82176263395247
765000.0 64.83879676937296
766000.0 64.86432692074862
767000.0 64.87831356751214
769000.0 64.86866164804931
770000.0 64.84514751219041
771000.0 64.83441955888928
772000.0 64.84786982395948
773000.0 64.87120811523837
774000.0 64.8796489932745
775000.0 64.8630315080853
776000.0 64.8361423230823
777000.0 64.82417758929694
779000.0 64.86546426918967
780000.0 64.89514474714261
781000.0 64.90559790482662
783000.0 64.87100804837993
784000.0 64.8623793986343
786000.0 64.88737873335413
789000.0 64.89083392455828
790000.0 64.89132327034636
791000.0 64.90772753531604
793000.0 64.9496738737091
794000.0 64.95032416417193
795000.0 64.93101964113701
796000.0 64.91852521675737
799000.0 64.94809621868878
800000.0 64.94391469375826
802000.0 64.89474956690627
804000.0 64.88244593978597
805000.0 64.90158712515978
806000.0 64.92536698664887
807000.0 64.93160912632835
808000.0 64.91154604829737
809000.0 64.88081564122142
810000.0 64.86497985864769
811000.0 64.87450470326723
812000.0 64.89481916187833
814000.0 64.89221561379163
816000.0 64.8566815472622
817000.0 64.86852923601738
818000.0 64.89021321774796
820000.0 64.88904284626007
821000.0 64.86137973005803
822000.0 64.82913398531079
823000.0 64.81486303643045
825000.0 64.84088014134201
826000.0 64.84535545048077
827000.0 64.82830199261117
828000.0 64.80275544614844
829000.0 64.79293585763652
831000.0 64.8391389989853
832000.0 64.87118057566674
833000.0 64.88813371789341
835000.0 64.8941271625276
836000.0 64.89582544317311
837000.0 64.91259412265687
838000.0 64.93462487619281
839000.0 64.94386928747137
840000.0 64.93920542933833
841000.0 64.9134633925506
842000.0 64.87986135576082
844000.0 64.8613369052388
845000.0 64.87643467125345
846000.0 64.88059271246863
847000.0 64.86176301555004
849000.0 64.8214866718009
850000.0 64.83471375084936
851000.0 64.85856723173634
852000.0 64.87211112024347
855000.0 64.87569614515171
856000.0 64.87722503971528
857000.0 64.89471571210652
858000.0 64.9179789172759
860000.0 64.91490208221488
862000.0 64.86158979513024
863000.0 64.85044544429017
864000.0 64.8586773687367
865000.0 64.86455547923853
866000.0 64.86171227650095
867000.0 64.84034561178822
868000.0 64.81216780044294
869000.0 64.80064523378938
870000.0 64.81514645729484
871000.0 64.8404968320131
872000.0 64.85128288974036
873000.0 64.83698111455398
874000.0 64.81239898053812
875000.0 64.80262028933058
876000.0 64.81791409839119
877000.0 64.84346590135877
878000.0 64.85849427562145
879000.0 64.86038976956877
880000.0 64.84138606843858
881000.0 64.81859649056607
882000.0 64.82384992238467
885000.0 64.88911470132774
886000.0 64.89172607921614
887000.0 64.8716572329432
888000.0 64.84273577834779
889000.0 64.82948640361904
890000.0 64.8418469051373
891000.0 64.86497420769798
893000.0 64.86757964431978
894000.0 64.84613457961632
895000.0 64.83638660788473
896000.0 64.85022252963769
897000.0 64.87363535857118
898000.0 64.88627237231367
899000.0 64.88577690906264
900000.0 64.86449617354705
901000.0 64.83526482074178
902000.0 64.82219164358234
903000.0 64.83067444139138
905000.0 64.84125314865018
906000.0 64.83827053836177
907000.0 64.81787256384108
909000.0 64.7812920237835
910000.0 64.79750232445801
911000.0 64.8244820589368
912000.0 64.83676525356952
913000.0 64.82394387791359
914000.0 64.80060909245572
915000.0 64.79195657463862
916000.0 64.80829309338824
917000.0 64.83481556141676
918000.0 64.85070890299379
919000.0 64.85337387444171
920000.0 64.8350557668933
921000.0 64.81289394075107
922000.0 64.81867870339418
924000.0 64.86284050940456
925000.0 64.86903641946544
926000.0 64.85172764561644
927000.0 64.82500007190089
928000.0 64.81360793431375
929000.0 64.82336588778162
931000.0 64.83569316930512
933000.0 64.82370745946325
934000.0 64.80250258276162
935000.0 64.79480885548084
936000.0 64.81148964324515
937000.0 64.83804350235324
938000.0 64.85385946890183
939000.0 64.85637083389828
941000.0 64.83612779828167
942000.0 64.85177607248197
943000.0 64.87601476038945
944000.0 64.88898321783242
945000.0 64.88851490715835
946000.0 64.86708966283767
947000.0 64.8376826329217
949000.0 64.81211505630702
950000.0 64.8091586090265
951000.0 64.80446437091062
953000.0 64.77012185974777
954000.0 64.76755135620706
957000.0 64.83211199762962
958000.0 64.84304047597755
959000.0 64.8436193885952
960000.0 64.8247319096791
961000.0 64.79847679242948
962000.0 64.78850722504905
963000.0 64.80016146539216
965000.0 64.80179006987946
966000.0 64.7798618756891
967000.0 64.75407535631193
969000.0 64.74016746232331
970000.0 64.74340929467229
971000.0 64.74467778496597
972000.0 64.73046822933344
973000.0 64.710702310051
974000.0 64.7078032869131
975000.0 64.73069034302733
976000.0 64.76388063956071
977000.0 64.78617565349234
978000.0 64.79488822490099
979000.0 64.78645555462236
984000.0 64.79054422631931
985000.0 64.78994465071615
986000.0 64.77287910645778
987000.0 64.74983057113363
988000.0 64.74358224081064
989000.0 64.7589558047267
990000.0 64.77280599796458
991000.0 64.77797043752705
992000.0 64.76425009577126
993000.0 64.74319232341064
994000.0 64.73820215744351
995000.0 64.75443040386303
996000.0 64.76887250513529
997000.0 64.77448112025166
998000.0 64.7611177147548
999000.0 64.74036542933197
1000000.0 64.73565123883532
1001000.0 64.75642576136244
1002000.0 64.78746140390327
1003000.0 64.80775817412605
1004000.0 64.8145165301297
1005000.0 64.80427864799508
1006000.0 64.80187017920888
1007000.0 64.82083938758419
1010000.0 64.89740285388321
1011000.0 64.90026614948837
1013000.0 64.87537644227413
1015000.0 64.89865676205649
1016000.0 64.9035779029883
1017000.0 64.89858664167485
1018000.0 64.87449438288292
1019000.0 64.84344982454785
1020000.0 64.82912256828105
1022000.0 64.8536645747194
1023000.0 64.85718096065015
1024000.0 64.83905885559875
1026000.0 64.80172617504861
1027000.0 64.81658784854956
1028000.0 64.84204451668916
1029000.0 64.85715765706178
1030000.0 64.85915904062507
1031000.0 64.84027849588864
1033000.0 64.78774270651067
1034000.0 64.78109270869057
1035000.0 64.79463238554337
1036000.0 64.80598312424137
1037000.0 64.80843867280366
1038000.0 64.7920643398859
1039000.0 64.76847686702415
1040000.0 64.76114219216538
1041000.0 64.77948073487605
1042000.0 64.80828472344373
1044000.0 64.82108765573197
1045000.0 64.80415480993042
1046000.0 64.79847441672685
1048000.0 64.83237600058463
1049000.0 64.84298761809721
1050000.0 64.84343615920665
1052000.0 64.82313501813512
1053000.0 64.83958208649987
1054000.0 64.86477668850387
1055000.0 64.87868575518706
1056000.0 64.87919028328693
1057000.0 64.85866886488222
1058000.0 64.83008069147994
1059000.0 64.81754382221435
1060000.0 64.83081276987524
1062000.0 64.87891985028173
1065000.0 64.89012718642515
1067000.0 64.89755455775298
1068000.0 64.91480352150496
1069000.0 64.92262055787415
1071000.0 64.90383015912005
1072000.0 64.8766922252502
1073000.0 64.86279328065584
1074000.0 64.87339398841821
1075000.0 64.89423292303177
1076000.0 64.9047186598276
1077000.0 64.90236402799054
1078000.0 64.88372076683099
1079000.0 64.87365128093462
1080000.0 64.88568061403107
1082000.0 64.9270030053309
1083000.0 64.92891527865041
1084000.0 64.90689449054332
1085000.0 64.87971796199761
1086000.0 64.88002051260219
1088000.0 64.91365239961956
1089000.0 64.9193727331965
1090000.0 64.91409693619111
1091000.0 64.8892290928568
1092000.0 64.85715414838648
1093000.0 64.84169908209839
1094000.0 64.85250849481066
1096000.0 64.89656459591215
1097000.0 64.90076427377168
1098000.0 64.88109723109561
1099000.0 64.85621047292763
1101000.0 64.88057244373917
1102000.0 64.90657061452106
1103000.0 64.9147115179645
1104000.0 64.89633227065427
1105000.0 64.86711397781629
1106000.0 64.85261443044351
1107000.0 64.86336837829022
1108000.0 64.88473503437058
1109000.0 64.89589111934075
1110000.0 64.89426038595582
1112000.0 64.83766667324284
1113000.0 64.80328531969242
1114000.0 64.78912506880415
1115000.0 64.80283737585977
1117000.0 64.83971296497796
1118000.0 64.82627149817276
1120000.0 64.79372651120899
1121000.0 64.80989219471498
1122000.0 64.8362889741243
1123000.0 64.8520597750138
1124000.0 64.85464565793048
1125000.0 64.836215249999
1126000.0 64.8010616718978
