339000.0 50.7290168974243
340000.0 50.66631769560783
344000.0 50.61482758088583
345000.0 50.63713238924389
346000.0 50.69142030724397
347000.0 50.80671617873728
349000.0 51.18661126901244
350000.0 51.4725592138452
351000.0 51.855120423314766
352000.0 52.32093052105373
353000.0 52.89228975686834
354000.0 53.553211620380466
355000.0 54.29216059207192
356000.0 55.096612054141126
357000.0 55.95863220319041
358000.0 56.90341461101053
359000.0 57.88431753364417
360000.0 58.89753194927649
361000.0 59.90176041244172
363000.0 61.42803472039756
364000.0 61.93135030002761
368000.0 63.578460778339455
369000.0 63.91174014240652
371000.0 64.24587406386159
373000.0 64.43702539954755
374000.0 64.6157199796501
375000.0 64.8008012751223
376000.0 64.92574945897414
377000.0 64.96245169371879
378000.0 64.92691037862609
379000.0 64.93159225580952
382000.0 65.12473027445495
383000.0 65.16815998461635
384000.0 65.13662005431728
385000.0 65.07604970893485
386000.0 65.09450494204371
387000.0 65.21266523166403
388000.0 65.31216112847882
390000.0 65.27426340716072
392000.0 65.1924519985436
393000.0 65.26316040757864
394000.0 65.39073920965342
396000.0 65.5266801025708
397000.0 65.51274502716034
398000.0 65.43216547384618
399000.0 65.36461785988324
400000.0 65.37550791863117
401000.0 65.45291743786481
402000.0 65.51839835617697
404000.0 65.42585483835835
405000.0 65.32411979147054
406000.0 65.27204644948822
407000.0 65.33141181924763
408000.0 65.41408439166203
410000.0 65.41619182644052
412000.0 65.29011028344782
413000.0 65.27795647036662
414000.0 65.3699035061691
415000.0 65.44691856123993
416000.0 65.4443367001659
419000.0 65.3517692848791
420000.0 65.39960853823071
421000.0 65.50766422174377
422000.0 65.56511402696118
424000.0 65.46005362513053
425000.0 65.31821459817458
427000.0 64.9630711475049
428000.0 64.78973601500383
429000.0 64.60625256509837
431000.0 64.18445934236468
432000.0 63.95003766205811
433000.0 63.71537398152888
434000.0 63.479071409607336
435000.0 63.24306525947476
436000.0 63.04083458897993
437000.0 62.86743271710503
438000.0 62.68374522273088
439000.0 62.49267386878424
440000.0 62.32910669761252
442000.0 62.135638962021936
443000.0 62.09185001797493
444000.0 62.05425200350712
445000.0 62.057117099110144
446000.0 62.0931808317882
447000.0 62.12413722210863
448000.0 62.18571808702514
449000.0 62.272338245834135
452000.0 62.56015136438385
454000.0 62.81617346704462
455000.0 62.985058601634854
456000.0 63.16331055619305
458000.0 63.380468339836035
459000.0 63.43322627933006
460000.0 63.47879114623976
461000.0 63.55301260616582
463000.0 63.66645917149677
464000.0 63.678599199489135
465000.0 63.689060685783126
466000.0 63.733091392490095
467000.0 63.804488544704114
468000.0 63.86563740430656
469000.0 63.88300864859716
470000.0 63.86418508410887
471000.0 63.84812938265133
472000.0 63.869475607628495
473000.0 63.92126629331238
475000.0 63.93683598153748
476000.0 63.91049178596468
478000.0 63.935342268534484
479000.0 63.97791983626476
480000.0 64.01420443461745
483000.0 63.99924371128448
484000.0 63.999041898283316
485000.0 64.03249887676725
486000.0 64.02596186443023
487000.0 63.9867556934022
488000.0 63.95318663286505
489000.0 63.95942804829491
490000.0 63.99844558472752
491000.0 64.0318425502957
492000.0 64.02542359388582
493000.0 63.986330255827056
494000.0 63.98797813223937
495000.0 64.02288798861389
496000.0 64.0527639811938
497000.0 64.04326830946624
498000.0 64.00156796279555
499000.0 63.966038648103236
500000.0 63.970463009049865
501000.0 64.00794386816591
502000.0 64.03987775695379
504000.0 64.02413517657062
505000.0 63.985352271496744
506000.0 63.987139452231155
507000.0 64.02217955684043
508000.0 64.05225255642948
509000.0 64.04296673888378
510000.0 64.00122956733247
511000.0 63.965645901792854
512000.0 63.970258756078884
513000.0 64.00775134629002
514000.0 64.03970278447301
516000.0 64.02379599438092
517000.0 64.02002977767744
520000.0 64.09882711997852
521000.0 64.08271864529846
522000.0 64.03535008637914
523000.0 64.02990872430686
524000.0 64.05890792112498
525000.0 64.0837345367971
526000.0 64.06974620369351
527000.0 64.02425088950474
529000.0 63.95215461654329
530000.0 63.95850834866637
531000.0 63.9977373800747
532000.0 64.03126952317892
533000.0 64.02490279732214
534000.0 63.98588613858858
535000.0 63.9874516137282
536000.0 64.022459863837
537000.0 64.05248835039481
538000.0 64.07822507213983
539000.0 64.06510037424398
540000.0 64.02030095373047
541000.0 64.01715230557272
542000.0 64.08319276621684
543000.0 64.13805376678886
544000.0 64.11636018433843
545000.0 64.06435809185717
546000.0 64.05479991293741
547000.0 64.08017543499237
548000.0 64.10196469442573
549000.0 64.12031343089174
550000.0 64.101093098235
551000.0 64.05106985896987
552000.0 64.043466529806
553000.0 64.10558022324025
554000.0 64.1573024168576
556000.0 64.1103627753331
557000.0 64.05911507021506
559000.0 64.04471008651531
560000.0 64.10673279769976
561000.0 64.1582366065903
562000.0 64.1688159039162
563000.0 64.14283949576941
564000.0 64.08702944671494
565000.0 64.07429765988161
566000.0 64.13153821222278
567000.0 64.1794491964346
568000.0 64.15177763842944
569000.0 64.09458131612968
570000.0 64.0808363174041
571000.0 64.13777096904809
572000.0 64.18488808166857
573000.0 64.19167184391753
574000.0 64.16229636127316
575000.0 64.10357381974839
576000.0 64.08852843056759
577000.0 64.14430254357374
578000.0 64.19037713871133
579000.0 64.19630742777483
580000.0 64.16640586478167
581000.0 64.10711266445442
583000.0 64.08006730098626
584000.0 64.13689338895202
585000.0 64.18410447249784
586000.0 64.19101528854873
587000.0 64.16166682116635
588000.0 64.1030350853994
591000.0 64.06875526694795
592000.0 64.09203878170212
593000.0 64.07704032806738
594000.0 64.03056401156924
595000.0 64.02588364606319
596000.0 64.0906790020584
597000.0 64.144514556949
598000.0 64.12183121778175
599000.0 64.06892021688341
600000.0 64.05885996842261
601000.0 64.11887118811775
602000.0 64.16873046361133
603000.0 64.17776438413014
604000.0 64.15036203271892
605000.0 64.09340289753148
607000.0 64.06983122068499
608000.0 64.12816186399
609000.0 64.2118080751062
610000.0 64.24829067608096
611000.0 64.21079338036284
612000.0 64.14513779501895
613000.0 64.12404790746673
615000.0 64.21959983992299
616000.0 64.25495852717663
617000.0 64.21651673071922
619000.0 64.16023145492206
621000.0 64.17944924281028
622000.0 64.18665787921012
623000.0 64.15809983446064
624000.0 64.09991519681861
625000.0 64.08527700046713
626000.0 64.14145131614784
627000.0 64.18808555009338
628000.0 64.19440712474297
629000.0 64.16464736325472
630000.0 64.10566829486962
633000.0 64.16629457601515
634000.0 64.20929899947932
637000.0 64.122079836364
638000.0 64.10426170745359
640000.0 64.13831470811189
641000.0 64.1517162999509
642000.0 64.12799779434772
643000.0 64.0743103888832
644000.0 64.06342985343692
645000.0 64.12285968594779
646000.0 64.17223575889444
647000.0 64.18083364089583
648000.0 64.15322295493338
649000.0 64.09581670988685
650000.0 64.08177256675441
652000.0 64.12181940231393
653000.0 64.13754740084639
655000.0 64.09570137161188
656000.0 64.08172928402271
657000.0 64.13832472705684
659000.0 64.22389940269215
660000.0 64.18994029792522
662000.0 64.14072557399103
663000.0 64.18910492495452
664000.0 64.2288444776493
667000.0 64.13458650957273
668000.0 64.07988718787009
669000.0 64.06824645798186
670000.0 64.12675169427683
671000.0 64.17552950751927
673000.0 64.12361012053601
674000.0 64.07053743495942
675000.0 64.06021490228254
676000.0 64.12010021003533
677000.0 64.16999409773923
679000.0 64.1196414839655
681000.0 64.15621744322101
682000.0 64.23583162056674
683000.0 64.26901318637005
684000.0 64.26367779361469
686000.0 64.18835348147589
687000.0 64.16110977617859
688000.0 64.20636438112456
689000.0 64.24372842873743
690000.0 64.24204699148818
691000.0 64.20545314629106
692000.0 64.14058633629968
693000.0 64.12012235880506
695000.0 64.21682117548876
697000.0 64.2814559781405
698000.0 64.23944482557134
699000.0 64.16966461949953
700000.0 64.14513344179815
701000.0 64.19287876305474
702000.0 64.23224182628479
703000.0 64.2322474093684
704000.0 64.19716007120564
705000.0 64.13343737186482
706000.0 64.1141083775434
707000.0 64.16609616307024
708000.0 64.24422424620967
709000.0 64.27604734832984
710000.0 64.23455835661753
711000.0 64.16552922555083
712000.0 64.14152340783096
713000.0 64.18954602373944
714000.0 64.26438247087454
715000.0 64.29335940308503
716000.0 64.24948815853931
717000.0 64.17826418074192
718000.0 64.15254422075051
719000.0 64.19899109950782
721000.0 64.33548299415357
722000.0 64.35430035461404
723000.0 64.30163876901976
724000.0 64.2231214000911
725000.0 64.19086433074516
726000.0 64.23208158002348
727000.0 64.26565599877402
728000.0 64.26085421846501
729000.0 64.22150932504724
730000.0 64.15434343359597
731000.0 64.13203538555001
732000.0 64.18161140245248
733000.0 64.25758188498486
734000.0 64.28766912650828
735000.0 64.27972064884759
736000.0 64.23792007646038
737000.0 64.20365721451381
738000.0 64.24282568755834
739000.0 64.310121288629
740000.0 64.33269861039867
741000.0 64.31830676175312
742000.0 64.27096427972671
743000.0 64.19663260803591
745000.0 64.14565767079047
746000.0 64.19333097054431
747000.0 64.23249496478051
748000.0 64.23249194348188
749000.0 64.19734135948016
750000.0 64.13385077202838
751000.0 64.11441668142017
753000.0 64.2125191921702
754000.0 64.24896494569491
755000.0 64.21154964489367
756000.0 64.14594027158903
757000.0 64.12483010239572
758000.0 64.17516146158555
759000.0 64.25218497737755
760000.0 64.2830327569937
761000.0 64.27563502593675
762000.0 64.23452175276091
763000.0 64.200744431815
764000.0 64.24032602128855
765000.0 64.30801363810063
766000.0 64.33089221819658
767000.0 64.3167366566005
769000.0 64.22750914914266
770000.0 64.19468385832562
771000.0 64.23531969167203
772000.0 64.30349984680356
773000.0 64.32685352155332
774000.0 64.2781080739012
775000.0 64.2029193091852
776000.0 64.17356102664996
777000.0 64.21700392364211
779000.0 64.34869051697079
780000.0 64.36561825600421
781000.0 64.31143986562755
783000.0 64.2302583870821
784000.0 64.26560229316642
786000.0 64.31747300530434
789000.0 64.28600025708813
790000.0 64.31356565058296
791000.0 64.3706474407389
793000.0 64.39428446940794
794000.0 64.3360327506211
795000.0 64.28776112352685
796000.0 64.31511962958967
799000.0 64.36646678077841
800000.0 64.31233557210273
802000.0 64.23054831268387
804000.0 64.29817311553279
805000.0 64.35751436749251
806000.0 64.37315315908765
807000.0 64.31810122690767
808000.0 64.23744069666563
809000.0 64.2031938653108
810000.0 64.24250294093555
811000.0 64.3097356337119
812000.0 64.33222108969571
814000.0 64.2389969034204
816000.0 64.24362285386573
817000.0 64.31059342564517
818000.0 64.33299917623646
820000.0 64.2395863352128
821000.0 64.16988203634
822000.0 64.14536235581444
823000.0 64.19277074015154
825000.0 64.26383445984172
826000.0 64.22439497347605
827000.0 64.15709798873995
828000.0 64.13433370376141
829000.0 64.1834769072487
831000.0 64.32410500844155
832000.0 64.34478312823765
833000.0 64.32874538438821
835000.0 64.30329287610398
836000.0 64.32817157185886
837000.0 64.38324825334732
838000.0 64.3952731787984
839000.0 64.3718984681061
840000.0 64.3166930836434
841000.0 64.23590349277384
842000.0 64.20181410776281
844000.0 64.27684971865615
845000.0 64.30402980305347
846000.0 64.25855043696218
847000.0 64.18612677926342
849000.0 64.20498260918096
850000.0 64.27769302644207
851000.0 64.3049754781376
852000.0 64.29449916157559
855000.0 64.27153635175641
856000.0 64.30112339746141
857000.0 64.35998218422647
858000.0 64.37530380251125
860000.0 64.27029560303461
862000.0 64.19981899575605
863000.0 64.23970040157784
864000.0 64.27224811930586
865000.0 64.26657602822053
866000.0 64.22661475224461
867000.0 64.15876540936318
868000.0 64.13569676890565
869000.0 64.18458866736006
870000.0 64.26020580552728
871000.0 64.28973329279663
872000.0 64.24653041814048
873000.0 64.17588098862
874000.0 64.1504048821569
875000.0 64.19729264822605
876000.0 64.2708997752064
877000.0 64.2989457707841
878000.0 64.28936669993868
879000.0 64.2459596098614
880000.0 64.1752980121964
881000.0 64.18503685777124
882000.0 64.26055745898604
885000.0 64.33230799123064
886000.0 64.28292001795421
887000.0 64.20702903002218
888000.0 64.17716579714131
889000.0 64.22020328966863
890000.0 64.29067626689691
891000.0 64.31591029468088
893000.0 64.22665631273858
894000.0 64.1939199901228
895000.0 64.23467242985824
896000.0 64.30309871563631
897000.0 64.32660627647425
898000.0 64.31310302562899
899000.0 64.26648290140574
900000.0 64.19308390014426
901000.0 64.16517648466238
902000.0 64.20992906155344
903000.0 64.24685026375283
905000.0 64.24304617056325
906000.0 64.2063047908851
907000.0 64.14135426781046
909000.0 64.17192898150078
910000.0 64.24918092208166
911000.0 64.28028932457792
912000.0 64.23841319308796
913000.0 64.16876802754545
914000.0 64.14439093360815
915000.0 64.19220729139766
916000.0 64.26666826510453
917000.0 64.29532999684734
918000.0 64.28631749991905
919000.0 64.24333514871371
920000.0 64.17308152654378
921000.0 64.18321803277463
922000.0 64.25900153625973
924000.0 64.31228097040318
925000.0 64.26571062408433
926000.0 64.19218020840034
927000.0 64.16444814222424
928000.0 64.20905727374397
929000.0 64.24601810808112
931000.0 64.24238165029018
933000.0 64.17266135645093
934000.0 64.14769237670835
935000.0 64.19478973402101
936000.0 64.26880074436828
937000.0 64.29722603599957
938000.0 64.28793657322458
939000.0 64.24493948717027
941000.0 64.24794753461468
942000.0 64.31451667068403
943000.0 64.33630532942401
944000.0 64.32111101583347
945000.0 64.27333859937633
946000.0 64.19869465410655
947000.0 64.17003456396802
949000.0 64.18665259414207
950000.0 64.19320633542773
951000.0 64.16375904799666
953000.0 64.12147626159958
954000.0 64.17251524964936
957000.0 64.27698029841501
958000.0 64.27051872380376
959000.0 64.22979739491093
960000.0 64.16146146153322
961000.0 64.13814803637875
962000.0 64.18681481012108
963000.0 64.22692987249582
965000.0 64.16147943274319
966000.0 64.10277916108687
967000.0 64.08777364593499
969000.0 64.12618942893836
970000.0 64.14114528758815
971000.0 64.11907528302362
972000.0 64.06677956547904
973000.0 64.05699386151863
974000.0 64.1168836602897
975000.0 64.20230141940432
976000.0 64.24017296565813
977000.0 64.23907820225018
978000.0 64.20289105090328
979000.0 64.1735605367625
984000.0 64.20525610579689
985000.0 64.1740181087916
986000.0 64.11360152754895
987000.0 64.09709325259621
988000.0 64.15143200329196
989000.0 64.1965648303894
990000.0 64.20168550033031
991000.0 64.17086967326138
992000.0 64.11093080222759
993000.0 64.09483293444826
994000.0 64.14970275920565
995000.0 64.1949998967679
996000.0 64.20026084780261
997000.0 64.16978838697425
998000.0 64.11001663040277
999000.0 64.09401387752628
1000000.0 64.14887762366826
1001000.0 64.22960862481118
1002000.0 64.26360705471492
1003000.0 64.25904575879153
1004000.0 64.22022450231535
1005000.0 64.18851741405848
1006000.0 64.22991150971436
1007000.0 64.29888696637182
1010000.0 64.35649628117052
1011000.0 64.30360377726697
1013000.0 64.29084576616206
1015000.0 64.33598415372795
1016000.0 64.32113270490247
1017000.0 64.27330570839656
1018000.0 64.19877764147296
1019000.0 64.1701521352734
1020000.0 64.21426428302911
1022000.0 64.27962165284801
1023000.0 64.23777232992144
1024000.0 64.16826153070635
1026000.0 64.19179784940607
1027000.0 64.26627142468229
1028000.0 64.29504580815758
1029000.0 64.28605581979187
1030000.0 64.24318448369189
1031000.0 64.17299349505751
1033000.0 64.12830517086111
1034000.0 64.17831335513425
1035000.0 64.21967945800463
1036000.0 64.22139998940627
1037000.0 64.1876760420343
1038000.0 64.12532826120375
1039000.0 64.10709655112947
1040000.0 64.16026523121573
1041000.0 64.23934054506447
1042000.0 64.27192621615204
1044000.0 64.1945252522215
1045000.0 64.16643267837661
1046000.0 64.21087951298856
1048000.0 64.2772803989219
1049000.0 64.27079789405141
1050000.0 64.23012600655018
1052000.0 64.23706606218302
1053000.0 64.30543162086752
1054000.0 64.32852830393695
1055000.0 64.31463338629473
1056000.0 64.26768979409302
1057000.0 64.1939288903786
1058000.0 64.1659720438834
1059000.0 64.21073950665084
1060000.0 64.28256919255249
1062000.0 64.32992534933162
1065000.0 64.29374766696438
1067000.0 64.34451660567159
1068000.0 64.36202998859845
1069000.0 64.34345796781231
1071000.0 64.2470886760187
1072000.0 64.21158597256377
1073000.0 64.24972262372779
1074000.0 64.31610973574125
1075000.0 64.3376907775388
1076000.0 64.3226405825
1077000.0 64.2746078989938
1078000.0 64.23510739864531
1079000.0 64.26976276334943
1080000.0 64.33318207095141
1082000.0 64.36692530929282
1083000.0 64.31247219608834
1084000.0 64.23224314338766
1085000.0 64.23390694501764
1086000.0 64.30231611421465
1088000.0 64.34441853993135
1089000.0 64.32839891210403
1090000.0 64.27947578479902
1091000.0 64.2040923539208
1092000.0 64.17467096663104
1093000.0 64.21802449485422
1094000.0 64.28880280383233
1096000.0 64.33445622566983
1097000.0 64.2847624549158
1098000.0 64.20856855536316
1099000.0 64.21373097592117
1101000.0 64.34633799291696
1102000.0 64.36358365814374
1103000.0 64.30986115194439
1104000.0 64.2300622004031
1105000.0 64.19693370905698
1106000.0 64.23726764803786
1107000.0 64.30532157382713
1108000.0 64.32863482523445
1109000.0 64.31488100269404
1110000.0 64.26782247003021
1112000.0 64.13076592188352
1113000.0 64.11179731917186
1114000.0 64.16426377080997
1115000.0 64.24271537320787
1117000.0 64.2335938639402
1118000.0 64.16471550257309
1120000.0 64.18929210379363
1121000.0 64.26420199928283
1122000.0 64.2932445290027
1123000.0 64.28454647944875
1124000.0 64.24181754649308
1125000.0 64.17167458497096
1126000.0 64.07636870057758
