339000.0 50.728802044838105
340000.0 50.87048677277042
344000.0 51.37752276308602
345000.0 51.491673415521575
346000.0 51.63226416974618
347000.0 51.838848812421915
349000.0 52.40363777942795
350000.0 52.79121709172172
351000.0 53.29126339278247
352000.0 53.882993128622466
353000.0 54.59687498120739
354000.0 55.40781691766101
355000.0 56.30037195404959
356000.0 57.25732189830416
357000.0 58.26917417653837
358000.0 59.37048781468295
359000.0 60.49746263945407
360000.0 61.64823887087688
361000.0 62.76799924942767
363000.0 64.33106712944246
364000.0 64.77182250744433
368000.0 66.19984850849683
369000.0 66.48148628191687
371000.0 66.64100818945367
373000.0 66.6814304248982
374000.0 66.83421575348052
375000.0 67.00057384503104
376000.0 67.09170863956916
377000.0 67.07124240759845
378000.0 66.96595528073503
379000.0 66.92737308906777
382000.0 67.08543070460644
383000.0 67.11389217291632
384000.0 67.04533346066128
385000.0 66.94518856483506
386000.0 66.9579128270906
387000.0 67.10476543828923
388000.0 67.2214989190173
390000.0 67.13611276061559
392000.0 67.01331889759417
393000.0 67.10587539267726
394000.0 67.26992594868567
396000.0 67.424209992977
397000.0 67.39061582501108
398000.0 67.27137991998572
399000.0 67.17715514878105
400000.0 67.19210798017784
401000.0 67.2955685384534
402000.0 67.37735802047554
404000.0 67.2410302554446
405000.0 67.10505649284381
406000.0 67.04168768350985
407000.0 67.12878521861268
408000.0 67.24152108310217
410000.0 67.23857105362842
412000.0 67.06995234654121
413000.0 67.06019383483321
414000.0 67.18824089715147
415000.0 67.28986901354733
416000.0 67.28094147000424
419000.0 67.15285928521132
420000.0 67.21966674201808
421000.0 67.3628109732846
422000.0 67.43228005692878
424000.0 67.2766959928573
425000.0 67.08672730169124
427000.0 66.63553989973553
428000.0 66.4271799568219
429000.0 66.20975092393104
431000.0 65.71782153712778
432000.0 65.44716896156011
433000.0 65.18180115319488
434000.0 64.91794044479465
435000.0 64.65802513021094
436000.0 64.44590149726105
437000.0 64.27271466902518
438000.0 64.08392186611313
439000.0 63.885302430332345
440000.0 63.723389194544275
442000.0 63.57191365106204
443000.0 63.559113940591786
444000.0 63.54859454572356
445000.0 63.58721552189322
446000.0 63.663280211226265
447000.0 63.725532530836475
448000.0 63.82329302001904
449000.0 63.94783186582132
452000.0 64.32500068733248
454000.0 64.63890200200461
455000.0 64.84425583651357
456000.0 65.05606210384266
458000.0 65.28138887438578
459000.0 65.32088467769492
460000.0 65.35350857458937
461000.0 65.4276292272798
463000.0 65.52925486227919
464000.0 65.52354182968546
465000.0 65.51913861324697
466000.0 65.56285111762692
467000.0 65.64299733990035
468000.0 65.70787869447145
469000.0 65.71407947917868
470000.0 65.67450667179585
471000.0 65.64238193349131
472000.0 65.66342016672988
473000.0 65.72505812859295
475000.0 65.72804334660837
476000.0 65.68617907733804
478000.0 65.71305146986394
479000.0 65.76570120150014
480000.0 65.80853760078415
483000.0 65.77037166746425
484000.0 65.7679619886186
485000.0 65.81054807941895
486000.0 65.79801626379646
487000.0 65.74323694679788
488000.0 65.69863226727203
489000.0 65.70961578457961
490000.0 65.7630000959638
491000.0 65.8064466571754
492000.0 65.7947258673477
493000.0 65.74059774435788
494000.0 65.74371482822274
495000.0 65.79081758490356
496000.0 65.82919787990248
497000.0 65.81318376585888
498000.0 65.7555566909987
499000.0 65.70862832480219
500000.0 65.717590214295
501000.0 65.76947798053143
502000.0 65.81177769001347
504000.0 65.78574386716036
505000.0 65.73348906605288
506000.0 65.73786704519593
507000.0 65.78616595250782
508000.0 65.8250457829849
509000.0 65.80972915635354
510000.0 65.75280539438326
511000.0 65.70668462026862
512000.0 65.71589513508667
513000.0 65.76821652760852
514000.0 65.81052899685848
516000.0 65.78490811600034
517000.0 65.77995625979396
520000.0 65.88021717190645
521000.0 65.85480747184175
522000.0 65.78961902429438
523000.0 65.78378523655256
524000.0 65.82361058803122
525000.0 65.8556661547763
526000.0 65.83461342620326
527000.0 65.7730338882973
529000.0 65.68242443645055
530000.0 65.69633395316731
531000.0 65.75213080932804
532000.0 65.79764229205092
533000.0 65.78752964228619
534000.0 65.73484028193775
535000.0 65.73917558752204
536000.0 65.7871094751025
537000.0 65.8261887359089
538000.0 65.85806584192598
539000.0 65.83685131300881
540000.0 65.77513621128746
541000.0 65.7720448980949
542000.0 65.86126077912928
543000.0 65.93097904268328
544000.0 65.89622471523913
545000.0 65.82351145561485
546000.0 65.81152544796342
547000.0 65.84612652656865
548000.0 65.87435714461941
549000.0 65.89737235450993
550000.0 65.86890962353641
551000.0 65.80136156364661
552000.0 65.79339679819518
553000.0 65.87855285635578
554000.0 65.94534082298182
556000.0 65.8745257602671
557000.0 65.80569708740217
559000.0 65.79291421451913
560000.0 65.87824438610399
561000.0 65.9448655378386
562000.0 65.95485810642988
563000.0 65.91575392652301
564000.0 65.83935956669704
565000.0 65.82449994891086
566000.0 65.90414265825306
567000.0 65.96599277357436
568000.0 65.92511120230132
569000.0 65.84705504451935
570000.0 65.83072033273514
571000.0 65.90863332001777
572000.0 65.96992077059207
573000.0 65.97531309986354
574000.0 65.93266473753525
575000.0 65.8531843859422
576000.0 65.83578672289775
577000.0 65.91343024826541
578000.0 65.97387058555826
579000.0 65.97857720836778
580000.0 65.93526075398547
581000.0 65.85544345129381
583000.0 65.8259381649858
584000.0 65.90526431696702
585000.0 65.96717290128903
586000.0 65.97311342074136
587000.0 65.9307559568253
588000.0 65.85169413422412
591000.0 65.81661038960847
592000.0 65.85023985772492
593000.0 65.8307995229665
594000.0 65.77030835651406
595000.0 65.76815919904955
596000.0 65.85815003673538
597000.0 65.92846440394386
598000.0 65.89444471761156
599000.0 65.82162463167622
600000.0 65.81001881309066
601000.0 65.8921287764183
602000.0 65.95653065503826
603000.0 65.96445984776703
604000.0 65.92351011886909
605000.0 65.84586439744417
607000.0 65.81971453735218
608000.0 65.90021834623676
609000.0 66.01044896388525
610000.0 66.05284426457254
611000.0 65.99586538805069
612000.0 65.90481690543795
613000.0 65.87774025606782
615000.0 66.00734910728943
616000.0 66.05032603790536
617000.0 65.99418992722195
619000.0 65.91819767265798
621000.0 65.94550733903728
622000.0 65.95518207259632
623000.0 65.91606413668838
624000.0 65.83965007232634
625000.0 65.82476358479386
626000.0 65.90436846497931
627000.0 65.96636853286539
628000.0 65.97244702100247
629000.0 65.93006866032881
630000.0 65.85118158433603
633000.0 65.94145933849892
634000.0 65.99648897077161
637000.0 65.87238281465736
638000.0 65.85127845860438
640000.0 65.90098325179572
641000.0 65.91907094164156
642000.0 65.88660819829872
643000.0 65.81568243241972
644000.0 65.80511419398098
645000.0 65.88840350845706
646000.0 65.95326100008714
647000.0 65.96165943554377
648000.0 65.92130219352168
649000.0 65.84390628866791
650000.0 65.8281207275526
652000.0 65.88555711684306
653000.0 65.90640512303618
655000.0 65.84866885014202
656000.0 65.83205931982533
657000.0 65.91021710260415
659000.0 66.01782720593054
660000.0 65.96728659875481
662000.0 65.90065810570232
663000.0 65.96639508309651
664000.0 66.0170801629626
667000.0 65.88377745429193
668000.0 65.81331045352688
669000.0 65.8033075190866
670000.0 65.88694981602973
671000.0 65.95221606674764
673000.0 65.87912801677001
674000.0 65.80937196246724
675000.0 65.80004842796689
676000.0 65.88401583903287
677000.0 65.94967994191677
679000.0 65.87765241334579
681000.0 65.92970987016899
682000.0 66.0343716294314
683000.0 66.072381760131
684000.0 66.05894525296212
686000.0 65.9502973764415
687000.0 65.91516776664635
688000.0 65.97822181100614
689000.0 66.02669489875535
690000.0 66.02148211753966
691000.0 65.97013837930332
692000.0 65.88383926951012
693000.0 65.86067827946779
695000.0 65.99625869314649
697000.0 66.07501155788783
698000.0 66.01385388992392
699000.0 65.91983125609548
700000.0 65.89019301554687
701000.0 65.95782208869034
702000.0 66.00994270736692
703000.0 66.00788394886091
704000.0 65.95897419486369
705000.0 65.87472970724701
706000.0 65.85341929983288
707000.0 65.92759420395612
708000.0 66.03281049595182
709000.0 66.07112999878228
710000.0 66.01100410479788
711000.0 65.91706553940618
712000.0 65.88790012713173
713000.0 65.95596991440736
714000.0 66.05587265779432
715000.0 66.09001609223712
716000.0 66.02613910694198
717000.0 65.92956439880254
718000.0 65.8981224828509
719000.0 65.96431795554989
721000.0 66.1429468071978
722000.0 66.16103750020336
723000.0 66.08401679348042
724000.0 65.9770040546135
725000.0 65.93669056091713
726000.0 65.99557105600631
727000.0 66.04094188738708
728000.0 66.03335170726909
729000.0 65.98004731111732
730000.0 65.89212044114662
731000.0 65.86758637747347
732000.0 65.93904475283229
733000.0 66.04203904760521
734000.0 66.07884748437527
735000.0 66.06421652575095
736000.0 66.00494410503993
737000.0 65.95964502694343
738000.0 66.01434759224617
739000.0 66.10354492911719
740000.0 66.12902835759408
741000.0 66.10520147705549
742000.0 66.03859778431354
743000.0 65.93983731840389
745000.0 65.88215730072841
746000.0 65.95130167540171
747000.0 66.00481469813622
748000.0 66.00380708144837
749000.0 65.95573964844364
750000.0 65.87214324560526
751000.0 65.85120314762462
753000.0 65.98991298875197
754000.0 66.03611492950472
755000.0 65.98212438035692
756000.0 65.89356683142839
757000.0 65.86876144315536
758000.0 65.94035798623705
759000.0 66.0431516289257
760000.0 66.07950904824926
761000.0 66.06472893905114
762000.0 66.0053308463809
763000.0 65.95999130997633
764000.0 66.01479960729108
765000.0 66.10374875436969
766000.0 66.12902836914196
767000.0 66.10520223209386
769000.0 65.98104751387028
770000.0 65.94011496429918
771000.0 65.99847905679249
772000.0 66.09047526150493
773000.0 66.11817383205722
774000.0 66.04896589304639
775000.0 65.9480287963023
776000.0 65.91321791451166
777000.0 65.97652836579151
779000.0 66.15104705331525
780000.0 66.16765409069765
781000.0 66.09007620210375
783000.0 65.98216229772676
784000.0 66.03287090353994
786000.0 66.1000103158086
789000.0 66.05437557331176
790000.0 66.0916750102439
791000.0 66.16645101867289
793000.0 66.18847989135188
794000.0 66.106543086975
795000.0 66.04266304480447
796000.0 66.08222681543
799000.0 66.14721819687422
800000.0 66.0727184448021
802000.0 65.97074733265276
804000.0 66.06923569738281
805000.0 66.14836120542773
806000.0 66.16546589693087
807000.0 66.08762065163754
808000.0 65.97979581516977
809000.0 65.93919741312084
810000.0 65.99772402773732
811000.0 66.09004840141304
812000.0 66.1180005999005
814000.0 65.98980211317865
816000.0 66.00448969118762
817000.0 66.09541656646965
818000.0 66.1223026684039
820000.0 65.99237274479893
821000.0 65.90208790057585
822000.0 65.87571100525592
823000.0 65.94598034813413
825000.0 66.04168766211158
826000.0 65.98651155065434
827000.0 65.89746948288891
828000.0 65.87199431377536
829000.0 65.94284183160083
831000.0 66.12872378940546
832000.0 66.14960950448227
833000.0 66.12194628099554
835000.0 66.08121535173682
836000.0 66.11358086484172
837000.0 66.18453566727268
838000.0 66.1951680596966
839000.0 66.1591929158783
840000.0 66.08279742638884
841000.0 65.97598112200228
842000.0 65.93600409114772
844000.0 66.04624188167655
845000.0 66.08213181157643
846000.0 66.01961340730244
847000.0 65.92451708395402
849000.0 65.96062810540484
850000.0 66.05966392547576
851000.0 66.0932276919508
852000.0 66.07597971968289
855000.0 66.04170802449893
856000.0 66.08133027891624
857000.0 66.15798503767914
858000.0 66.17328879734427
860000.0 66.02661403090485
862000.0 65.94011218435303
863000.0 65.99848832966148
864000.0 66.04335151199558
865000.0 66.03536083716854
866000.0 65.9815511934238
867000.0 65.89330646912234
868000.0 65.86857698377693
869000.0 65.94019414947523
870000.0 66.0431269733133
871000.0 66.07958458794882
872000.0 66.01756976242514
873000.0 65.92263486400167
874000.0 65.89251810823707
875000.0 65.95975080911296
876000.0 66.05895182005193
877000.0 66.09242224335486
878000.0 66.0749923330316
879000.0 66.01374583283155
880000.0 65.91933931985407
881000.0 65.93722504952368
882000.0 66.040549445178
885000.0 66.12407370208373
886000.0 66.05392610899106
887000.0 65.9525506442773
888000.0 65.91694928856693
889000.0 65.97962434612195
890000.0 66.07509820850535
891000.0 66.10562085883429
893000.0 65.98155662663007
894000.0 65.94057518588012
895000.0 65.99896482834995
896000.0 66.09091355401668
897000.0 66.11869013375976
898000.0 66.09682105080648
899000.0 66.03176112692013
900000.0 65.93413712082487
901000.0 65.90186304232542
902000.0 65.96737568024496
903000.0 66.017715971434
905000.0 66.01171871497468
906000.0 65.96221565174105
907000.0 65.87732842419723
909000.0 65.92952045172834
910000.0 66.03413440572253
911000.0 66.07216722041308
912000.0 66.01140079828478
913000.0 65.91734680976954
914000.0 65.88815687646613
915000.0 65.95605388512321
916000.0 66.05593204103016
917000.0 66.09022714720203
918000.0 66.07356795182014
919000.0 66.01273473485105
920000.0 65.9185828663695
921000.0 65.93662977165882
922000.0 66.0401707559333
924000.0 66.10439397611572
925000.0 66.03783993265304
926000.0 65.9390238608404
927000.0 65.90587610864851
928000.0 65.97063084237611
929000.0 66.02057134836005
931000.0 66.01358685397435
933000.0 65.92029246427113
934000.0 65.89055815394352
935000.0 65.95815905680416
936000.0 66.05766453647402
937000.0 66.09139484694848
938000.0 66.07451793548113
939000.0 66.01335673606647
941000.0 66.02014783142639
942000.0 66.10817587299913
943000.0 66.13271359704748
944000.0 66.10824723122069
945000.0 66.04095697694021
946000.0 65.94161735864054
947000.0 65.90796692809597
949000.0 65.93875884699074
950000.0 65.94961163593857
951000.0 65.91143921348306
953000.0 65.86353325074978
954000.0 65.93579110627131
957000.0 66.06762900378111
958000.0 66.0549845504373
959000.0 65.99769924283528
960000.0 65.90622622885306
961000.0 65.87908240290957
962000.0 65.94876009103443
963000.0 66.00263646094433
965000.0 65.91289492873194
966000.0 65.8371165525565
967000.0 65.82260321391874
969000.0 65.8818315671627
970000.0 65.9035236379218
971000.0 65.87393333400013
972000.0 65.80524834249528
973000.0 65.79669967571895
974000.0 65.88127225393282
975000.0 65.99495964788852
976000.0 66.0403952979675
977000.0 66.03288125003331
978000.0 65.97938375240459
979000.0 65.93869202083863
984000.0 65.97769511777511
985000.0 65.93452429393497
986000.0 65.85471087606452
987000.0 65.83702269608744
988000.0 65.91442489410306
989000.0 65.97489432793219
990000.0 65.97935316686149
991000.0 65.93565349936655
992000.0 65.85567239852115
993000.0 65.83784518616595
994000.0 65.91512081847465
995000.0 65.97506895878634
996000.0 65.9796087737053
997000.0 65.93613979605621
998000.0 65.85622936185814
999000.0 65.83828552382792
1000000.0 65.91542822454878
1001000.0 66.02288827910111
1002000.0 66.06308251335992
1003000.0 66.05137654767681
1004000.0 65.99454412766477
1005000.0 65.95125302478357
1006000.0 66.00765471331852
1007000.0 66.09801123867811
1010000.0 66.155617421581
1011000.0 66.07951706344785
1013000.0 66.06406021141004
1015000.0 66.120642709555
1016000.0 66.09833440937769
1017000.0 66.03282984463914
1018000.0 65.93496258959564
1019000.0 65.9026334886234
1020000.0 65.96804197353276
1022000.0 66.05639421678508
1023000.0 65.99875883705097
1024000.0 65.90711726622712
1026000.0 65.94934975617073
1027000.0 66.05033418489897
1028000.0 66.0855592206817
1029000.0 66.06962992603961
1030000.0 66.0095639191029
1031000.0 65.91601930618418
1033000.0 65.86646966367839
1034000.0 65.93839671395513
1035000.0 65.99413464221658
1036000.0 65.99497663907195
1037000.0 65.94842456856541
1038000.0 65.86612166544077
1039000.0 65.84637888344744
1040000.0 65.92210086446099
1041000.0 66.02821507199349
1042000.0 66.06749276516364
1044000.0 65.95612447524911
1045000.0 65.91977098787808
1046000.0 65.98189537714015
1048000.0 66.06558987557086
1049000.0 66.05319022755359
1050000.0 65.99619934832916
1052000.0 66.00868988281107
1053000.0 66.09901363324659
1054000.0 66.12532330167083
1055000.0 66.10218658409501
1056000.0 66.03586871740073
1057000.0 65.93772964838183
1058000.0 65.90483368952971
1059000.0 65.96970233536999
1060000.0 66.06708866462105
1062000.0 66.12253987563317
1065000.0 66.06660381533486
1067000.0 66.1333895845561
1068000.0 66.15341516422944
1069000.0 66.12507560091733
1071000.0 65.9943701420837
1072000.0 65.95093245835464
1073000.0 66.00718214468033
1074000.0 66.09744197344308
1075000.0 66.12402997786671
1076000.0 66.10117818585833
1077000.0 66.035146703789
1078000.0 65.98424349188805
1079000.0 66.034304618166
1080000.0 66.119913229887
1082000.0 66.15752313595648
1083000.0 66.08119933602975
1084000.0 65.97446464902644
1085000.0 65.98221294258902
1086000.0 66.07726498572475
1088000.0 66.12924664019718
1089000.0 66.10551661850812
1090000.0 66.0387047964846
1091000.0 65.93996362283488
1092000.0 65.90666061303826
1093000.0 65.97131698788291
1094000.0 66.06844518513992
1096000.0 66.12323410105326
1097000.0 66.05340244455024
1098000.0 65.95187315780187
1099000.0 65.96378772324594
1101000.0 66.14242707526097
1102000.0 66.1606943271019
1103000.0 66.08404416348436
1104000.0 65.97669075511841
1105000.0 65.93660146408396
1106000.0 65.9957217242225
1107000.0 66.08828504809256
1108000.0 66.11647765510986
1109000.0 66.09469282265398
1110000.0 66.02995719517763
1112000.0 65.853324374581
1113000.0 65.83594632856001
1114000.0 65.91339222704144
1115000.0 66.02126676801862
1117000.0 66.00285268429418
1118000.0 65.91049954333899
1120000.0 65.95146265438127
1121000.0 66.05222771695674
1122000.0 66.0871584068913
1123000.0 66.07108406944492
1124000.0 66.01068429660556
1125000.0 65.9168305710652
1126000.0 65.79287016797691
