339000.0 50.728782434656104
340000.0 50.81372402635097
344000.0 51.15734280188669
345000.0 51.243206408288
346000.0 51.346135912678015
347000.0 51.49107625896801
349000.0 51.88636122301221
350000.0 52.15617991443614
351000.0 52.50190814570051
352000.0 52.914045643810226
353000.0 53.412003053901756
354000.0 53.98424097370596
355000.0 54.62213836677616
356000.0 55.316369503315684
357000.0 56.06103366403675
358000.0 56.87670469548047
359000.0 57.7263615898231
360000.0 58.606857704442135
361000.0 59.484935551159815
363000.0 60.86587234963025
364000.0 61.34847019763453
368000.0 62.952872342825806
369000.0 63.28411780793033
371000.0 63.66991701236645
373000.0 63.921726667564265
374000.0 64.1077359278161
375000.0 64.29665919681607
376000.0 64.43513283871324
377000.0 64.50089374116756
378000.0 64.50506900368
379000.0 64.53730991502879
382000.0 64.76389319123427
383000.0 64.81997784143292
384000.0 64.81472257981835
385000.0 64.78379685430691
386000.0 64.81350386827826
387000.0 64.92213162766842
388000.0 65.01666050898655
390000.0 65.01529273866177
392000.0 64.9721204790964
393000.0 65.03764480089588
394000.0 65.14954125585203
396000.0 65.2804954892801
397000.0 65.28065516971876
398000.0 65.22664344230822
399000.0 65.18101211038712
400000.0 65.19691694016527
401000.0 65.26631902474438
402000.0 65.3264326766432
404000.0 65.26925038193555
405000.0 65.19356551184295
406000.0 65.15670033891773
407000.0 65.20811007492657
408000.0 65.27962250807303
410000.0 65.29408651002669
412000.0 65.20511134944363
413000.0 65.19952620252776
414000.0 65.27707636377154
415000.0 65.3443414554334
416000.0 65.34880094201777
419000.0 65.29150889850266
420000.0 65.33431365210538
421000.0 65.42615723422806
422000.0 65.47888643439067
424000.0 65.40895121181634
425000.0 65.30098985747246
427000.0 65.02153894208185
428000.0 64.88222508105396
429000.0 64.73324178231252
431000.0 64.38665882557021
432000.0 64.19216433114009
433000.0 63.99554057862497
434000.0 63.796627589504865
435000.0 63.59638310061788
436000.0 63.42200340313827
437000.0 63.269902487134985
438000.0 63.11004034476673
439000.0 62.94375726227054
440000.0 62.79900395161504
442000.0 62.61672960439048
443000.0 62.56962169960745
444000.0 62.52896362328119
445000.0 62.52180672942676
446000.0 62.54310171018778
447000.0 62.562143857631746
448000.0 62.60720506121123
449000.0 62.67412408273238
452000.0 62.90767295336375
454000.0 63.122458474106
455000.0 63.26469684200245
456000.0 63.41638202522904
458000.0 63.612263010147764
459000.0 63.6663485703641
460000.0 63.71414776219763
461000.0 63.784260069310776
463000.0 63.89725881784791
464000.0 63.917717083389896
465000.0 63.93606492087981
466000.0 63.98060738361814
467000.0 64.04698831406373
468000.0 64.1054398610855
469000.0 64.12898550550503
470000.0 64.12301355173031
471000.0 64.1186393812476
472000.0 64.14285946189602
473000.0 64.19150932670716
475000.0 64.21889533489868
476000.0 64.20452336234047
478000.0 64.23593070984798
479000.0 64.27578271252742
480000.0 64.31088457223225
483000.0 64.31742285072947
484000.0 64.32242843981766
485000.0 64.35411325127994
486000.0 64.3546173788818
487000.0 64.32818841292325
488000.0 64.3056794674931
489000.0 64.31445885625126
490000.0 64.34962807030969
491000.0 64.3804460930787
492000.0 64.38020464522576
493000.0 64.35345801605303
494000.0 64.3585729004271
495000.0 64.39042111389038
496000.0 64.41838557095356
497000.0 64.41545900044694
498000.0 64.38652428490349
499000.0 64.36171991762058
500000.0 64.36848108886261
501000.0 64.40195486531965
502000.0 64.43154573654097
504000.0 64.42773443882247
505000.0 64.40028942812172
506000.0 64.40488740142465
507000.0 64.436454454529
508000.0 64.46432426182132
509000.0 64.46120673143079
510000.0 64.43180952934792
511000.0 64.40667080748774
512000.0 64.41321026903951
513000.0 64.446308473903
514000.0 64.47552780329882
516000.0 64.47105318863363
517000.0 64.47166634766027
520000.0 64.546455424993
521000.0 64.53817040279527
522000.0 64.50437702731585
523000.0 64.50330210528011
524000.0 64.5298723323082
525000.0 64.55341846408521
526000.0 64.54637475050671
527000.0 64.51370866630532
529000.0 64.46172915219451
530000.0 64.46890848163586
531000.0 64.50277491677662
532000.0 64.53271864713751
533000.0 64.5312659203479
534000.0 64.50365854887859
535000.0 64.50768197917576
536000.0 64.53871344966977
537000.0 64.56620403681625
538000.0 64.59049532194156
539000.0 64.58426714157505
540000.0 64.55218568620266
541000.0 64.55270628869658
542000.0 64.60828120300785
543000.0 64.65625091965983
544000.0 64.64359829210676
545000.0 64.60629850703536
546000.0 64.60179925501568
547000.0 64.62539597815883
548000.0 64.64642526277972
549000.0 64.66515086571476
550000.0 64.65394960729375
551000.0 64.61756296896587
552000.0 64.61431296647778
553000.0 64.66656401401877
554000.0 64.7117633788563
556000.0 64.68278437261051
557000.0 64.64501422015775
559000.0 64.63845559624647
560000.0 64.69056523302267
561000.0 64.73559710687394
562000.0 64.74810603863544
563000.0 64.73161345603447
564000.0 64.69057617545799
565000.0 64.68317261115438
566000.0 64.73191250879349
567000.0 64.77381305974295
568000.0 64.75604355397374
569000.0 64.71385418637152
570000.0 64.70543384927801
571000.0 64.75328388051429
572000.0 64.79469010493762
573000.0 64.80397429105777
574000.0 64.78462564842567
575000.0 64.7409675830569
576000.0 64.73127789595797
577000.0 64.77833232366146
578000.0 64.81866270792933
579000.0 64.82724736300074
580000.0 64.8070633386302
581000.0 64.76292104639153
583000.0 64.74577100383573
584000.0 64.79329768771987
585000.0 64.83448939035561
586000.0 64.84368760331502
587000.0 64.82415621822541
588000.0 64.7803843429663
591000.0 64.7590654755207
592000.0 64.77992837471949
593000.0 64.77057511792778
594000.0 64.73580348377881
595000.0 64.73390919183572
596000.0 64.7875973535946
597000.0 64.83362022920737
598000.0 64.81925628649259
599000.0 64.78035339438907
600000.0 64.77457862079834
601000.0 64.8248395981035
602000.0 64.86792629325227
603000.0 64.87901631261286
604000.0 64.8610257203169
605000.0 64.81870649923833
607000.0 64.8043093364741
608000.0 64.85324181980486
609000.0 64.9232721528356
610000.0 64.9566222822769
611000.0 64.93145202559771
612000.0 64.88277618508798
613000.0 64.86846675370737
615000.0 64.95020428705949
616000.0 64.98230317808013
617000.0 64.95562293935251
619000.0 64.91589850673444
621000.0 64.9366256445026
622000.0 64.94552102411913
623000.0 64.92552235893842
624000.0 64.88153522613621
625000.0 64.87153546239948
626000.0 64.9178324152034
627000.0 64.95775674039785
628000.0 64.9659263471481
629000.0 64.94564352673751
630000.0 64.90107990696391
633000.0 64.95473361783775
634000.0 64.99223350201311
637000.0 64.93227533436495
638000.0 64.91988351984747
640000.0 64.95134959489957
641000.0 64.96451340524973
642000.0 64.94845244658845
643000.0 64.90774566057902
644000.0 64.90054875619867
645000.0 64.94959541801428
646000.0 64.9918369144693
647000.0 65.00178884451728
648000.0 64.98286041348065
649000.0 64.93974725652299
650000.0 64.93024710632194
652000.0 64.96623358199105
653000.0 64.9810155806528
655000.0 64.9530103977028
656000.0 64.94378081543246
657000.0 64.99104045450237
659000.0 65.0655933799732
660000.0 65.04214339011287
662000.0 65.00818765045936
663000.0 65.0490806199877
664000.0 65.08402286404286
667000.0 65.01761787832419
668000.0 64.97573973175352
669000.0 64.96756950242884
670000.0 65.01545494805984
671000.0 65.0566966443597
673000.0 65.0206693411316
674000.0 64.9801975545455
675000.0 64.97320182033188
676000.0 65.02206824436836
677000.0 65.06412121658099
679000.0 65.02958369348818
681000.0 65.06269539888314
682000.0 65.12908943252404
683000.0 65.15940876220891
684000.0 65.15911011534651
686000.0 65.10582914342524
687000.0 65.08635904363382
688000.0 65.12463890992883
689000.0 65.15728068694676
690000.0 65.15899748170237
691000.0 65.13271135135292
692000.0 65.08314413319334
693000.0 65.06813070255303
695000.0 65.14883828875062
697000.0 65.20669300434102
698000.0 65.17634246520436
699000.0 65.12317346301593
700000.0 65.10511449842684
701000.0 65.14432449808854
702000.0 65.17800478808189
703000.0 65.18066932877326
704000.0 65.15531238353088
705000.0 65.10652772538984
706000.0 65.0921620970033
707000.0 65.13489686969538
708000.0 65.19935478573369
709000.0 65.22784911179345
710000.0 65.19817352868593
711000.0 65.1455033391684
712000.0 65.12784399533396
713000.0 65.16768062709576
714000.0 65.22962118001615
715000.0 65.25587620419809
716000.0 65.22423951066948
717000.0 65.16985353599895
718000.0 65.15069136852414
719000.0 65.18921088560674
721000.0 65.30342148559549
722000.0 65.32217597504197
723000.0 65.28402347145352
724000.0 65.22387747180716
725000.0 65.19970970812767
726000.0 65.23386477327114
727000.0 65.2629179310483
728000.0 65.26137533066763
729000.0 65.2322746554714
730000.0 65.18024269174833
731000.0 65.16313223318107
732000.0 65.20343508797679
733000.0 65.26573608305581
734000.0 65.29239196603609
735000.0 65.28887936877287
736000.0 65.25805021742536
737000.0 65.23256871308763
738000.0 65.26559063045298
739000.0 65.32153020127095
740000.0 65.34266890234996
741000.0 65.33391538444744
742000.0 65.29910038433266
743000.0 65.24182078507685
745000.0 65.20272178569658
746000.0 65.24139572598486
747000.0 65.2744482047591
748000.0 65.2763127219261
749000.0 65.2503938651923
750000.0 65.2010898339711
751000.0 65.18615103591446
753000.0 65.26649890274318
754000.0 65.29786816268528
755000.0 65.2704976602319
756000.0 65.21967640486073
757000.0 65.20376472503919
758000.0 65.24519230483381
759000.0 65.30847403027309
760000.0 65.33597228940233
761000.0 65.3331677370797
762000.0 65.3031087381324
763000.0 65.27813646598977
764000.0 65.3116176270022
765000.0 65.36795512195035
766000.0 65.38934401594193
767000.0 65.3812713647511
769000.0 65.31524344240898
770000.0 65.29027133895701
771000.0 65.32368122937922
772000.0 65.3800080906918
773000.0 65.40139885496038
774000.0 65.36542159574512
775000.0 65.30720630012472
776000.0 65.28473901803527
777000.0 65.32014362494533
779000.0 65.42937987947448
780000.0 65.44617572519655
781000.0 65.4059979167454
783000.0 65.34454024537196
784000.0 65.3740544206212
786000.0 65.41982435783572
789000.0 65.40100200779796
790000.0 65.42460964686488
791000.0 65.47237306319812
793000.0 65.49745312890117
794000.0 65.45380993139423
795000.0 65.41694229504233
796000.0 65.43996977985239
799000.0 65.48762892084625
800000.0 65.44648246993835
802000.0 65.3830498481149
804000.0 65.43849161567017
805000.0 65.48759038767147
806000.0 65.50262028593215
807000.0 65.46111329495703
808000.0 65.39804520129883
809000.0 65.37124796577118
810000.0 65.40303502682636
811000.0 65.4578681923929
812000.0 65.47798246943067
814000.0 65.4071105420134
816000.0 65.41217808320778
817000.0 65.4670283001526
818000.0 65.4872017336689
820000.0 65.41648940812524
821000.0 65.36154635613008
822000.0 65.34201116942458
823000.0 65.38014367723784
825000.0 65.43953245535523
826000.0 65.40972178252727
827000.0 65.35695064163042
828000.0 65.33918316137897
829000.0 65.37877677733354
831000.0 65.49439932823103
832000.0 65.51385837458459
833000.0 65.50407876824943
835000.0 65.48871873932865
836000.0 65.5107736071673
837000.0 65.5571826457384
838000.0 65.56990831727343
839000.0 65.5541465272341
840000.0 65.5126540689784
841000.0 65.44970841028824
842000.0 65.42278392705602
844000.0 65.48343615725378
845000.0 65.50671971170648
846000.0 65.47220659355902
847000.0 65.41561131979701
849000.0 65.43080067334101
850000.0 65.48954033568859
851000.0 65.5133577642557
852000.0 65.50724358233728
855000.0 65.4941646226021
856000.0 65.51921227086346
857000.0 65.56823597466588
858000.0 65.58335297881912
860000.0 65.50417599400213
862000.0 65.44914347173061
863000.0 65.48106229332855
864000.0 65.5084413339498
865000.0 65.5050492145871
866000.0 65.47456304583073
867000.0 65.42120512637469
868000.0 65.40261022524881
869000.0 65.44153684421073
870000.0 65.50264026079462
871000.0 65.52814080283184
872000.0 65.4957000909084
873000.0 65.44051835802065
874000.0 65.42063157959959
875000.0 65.45828070881673
876000.0 65.51837371661529
877000.0 65.54294093072753
878000.0 65.53770050135898
879000.0 65.50524960400163
880000.0 65.45012374564716
881000.0 65.45825113669679
882000.0 65.51933104842468
885000.0 65.58327780991893
886000.0 65.54616977166866
887000.0 65.48714037877124
888000.0 65.4636977213681
889000.0 65.49845043951699
890000.0 65.55579745503294
891000.0 65.57800393616043
893000.0 65.51061223889766
894000.0 65.48518260186867
895000.0 65.51819920727529
896000.0 65.5739865410809
897000.0 65.59493504016916
898000.0 65.58639420410074
899000.0 65.5511411239122
900000.0 65.49344804212885
901000.0 65.4713619078347
902000.0 65.50723370614786
903000.0 65.53760642910977
905000.0 65.5370777970869
906000.0 65.50916473205908
907000.0 65.45790725965274
909000.0 65.4817803807918
910000.0 65.54427394374673
911000.0 65.57118588861245
912000.0 65.53981891669223
913000.0 65.48586727280689
914000.0 65.46666805182952
915000.0 65.50514661409586
916000.0 65.565744070902
917000.0 65.59086514236314
918000.0 65.58589138106406
919000.0 65.55388733387993
920000.0 65.49906502747808
921000.0 65.50746725666235
922000.0 65.56879176889508
924000.0 65.6152587113235
925000.0 65.58036163084972
926000.0 65.52307201352535
927000.0 65.50124475002602
928000.0 65.5373427631433
929000.0 65.56782986171145
931000.0 65.56743827465725
933000.0 65.51433934892943
934000.0 65.49460898538469
935000.0 65.53257386276135
936000.0 65.59268298919405
937000.0 65.61740968099849
938000.0 65.61217408755984
939000.0 65.57981749701923
941000.0 65.58420301666209
942000.0 65.638712475194
943000.0 65.65838154129965
944000.0 65.64848281419793
945000.0 65.61238840714232
946000.0 65.55391127627763
947000.0 65.5310466027188
949000.0 65.54443028320021
950000.0 65.55011122636562
951000.0 65.5272212189929
953000.0 65.49363950269314
954000.0 65.53436115259936
957000.0 65.62249051274088
958000.0 65.61930994673082
959000.0 65.58861615039831
960000.0 65.53522629945192
961000.0 65.51667302035536
962000.0 65.55562621094853
963000.0 65.58858443938202
965000.0 65.53881960258877
966000.0 65.4923306880118
967000.0 65.47993278733432
969000.0 65.51054854753644
970000.0 65.52319309510702
971000.0 65.50650768292672
972000.0 65.46488523673641
973000.0 65.45677743577178
974000.0 65.50479993119451
975000.0 65.57362318048699
976000.0 65.6060553255956
977000.0 65.60750960084253
978000.0 65.6089047097627
979000.0 65.6102525281172
984000.0 65.61645167731656
985000.0 65.58959052153155
986000.0 65.53934614208124
987000.0 65.52359334253288
988000.0 65.56475829748507
989000.0 65.60005251230572
990000.0 65.60368435831687
991000.0 65.57924292651846
992000.0 65.53111949854414
993000.0 65.51704548864853
994000.0 65.5597468042568
995000.0 65.5962210755643
996000.0 65.6012302064477
997000.0 65.57774860877605
998000.0 65.53044127070117
999000.0 65.51730013583105
1000000.0 65.56086211756356
1001000.0 65.62605179637843
1002000.0 65.65508475031184
1003000.0 65.65339829048827
1004000.0 65.62412243227497
1005000.0 65.5998088528583
1006000.0 65.63359790656924
1007000.0 65.6901215394543
1010000.0 65.74396449826061
1011000.0 65.70406612752481
1013000.0 65.69617254022754
1015000.0 65.73539418592624
1016000.0 65.72520331360599
1017000.0 65.68845662144939
1018000.0 65.62958739051403
1019000.0 65.60628693166342
1020000.0 65.64105852872531
1022000.0 65.69438264690051
1023000.0 65.66220671922116
1024000.0 65.60732362188944
1026000.0 65.62528933143085
1027000.0 65.6853592268791
1028000.0 65.70985563407523
1029000.0 65.70449980251792
1030000.0 65.6718812249555
1031000.0 65.61662666243394
1033000.0 65.58024145419853
1034000.0 65.61988900868282
1035000.0 65.65369029036228
1036000.0 65.65623268191959
1037000.0 65.63049419407606
1038000.0 65.58112715534725
1039000.0 65.56625737814068
1040000.0 65.60811406708865
1041000.0 65.6719869106398
1042000.0 65.69972337433411
1044000.0 65.64125951300271
1045000.0 65.61923791000947
1046000.0 65.65522364632133
1048000.0 65.71148791895995
1049000.0 65.70771233928147
1050000.0 65.67708369452377
1052000.0 65.68399464928855
1053000.0 65.73948362301384
1054000.0 65.7601425738341
1055000.0 65.7508571974691
1056000.0 65.715222795179
1057000.0 65.65721359198793
1058000.0 65.63480678283305
1059000.0 65.66995625133433
1060000.0 65.72791373296374
1062000.0 65.76952086366431
1065000.0 65.74563661834193
1067000.0 65.78837941095908
1068000.0 65.80425696358742
1069000.0 65.7912479067611
1071000.0 65.716725619097
1072000.0 65.68817723037544
1073000.0 65.71819794260534
1074000.0 65.77154854584076
1075000.0 65.79033969114161
1076000.0 65.77962857304497
1077000.0 65.7426174148091
1078000.0 65.71139573209112
1079000.0 65.73907164781053
1080000.0 65.79058828246323
1082000.0 65.82097327071027
1083000.0 65.77920726081736
1084000.0 65.7159112745115
1085000.0 65.71690000896068
1086000.0 65.77159758361174
1088000.0 65.80768730438936
1089000.0 65.79622802598414
1090000.0 65.7584279259737
1091000.0 65.69848390809564
1092000.0 65.67430826927078
1093000.0 65.70778405094408
1094000.0 65.76456278213193
1096000.0 65.80373924201407
1097000.0 65.7655202439494
1098000.0 65.7053412972469
1099000.0 65.7090370319323
1101000.0 65.81588459104869
1102000.0 65.83163760135217
1103000.0 65.790659085331
1104000.0 65.72798841474193
1105000.0 65.70123510008922
1106000.0 65.73298011159778
1107000.0 65.78750920114848
1108000.0 65.8075900051103
1109000.0 65.79804859378594
1110000.0 65.76185375110998
1112000.0 65.65230401661331
1113000.0 65.63590685589944
1114000.0 65.67666119097548
1115000.0 65.73933325574028
1117000.0 65.73437257188664
1118000.0 65.68010225458366
1120000.0 65.69882459263768
1121000.0 65.75915254844169
1122000.0 65.78384612805336
1123000.0 65.77842680666276
1124000.0 65.74614903944432
1125000.0 65.69060840095987
1126000.0 65.61433979807043
