339000.0 51.15923963776573
340000.0 51.302843734789526
341000.0 51.39125178640712
342000.0 51.48038440064531
343000.0 51.57017593588165
344000.0 51.660576918970406
345000.0 51.72145627080674
346000.0 51.869413870102306
347000.0 52.14222205128928
348000.0 52.46627267702166
349000.0 52.81234733328363
350000.0 53.28967118837042
351000.0 53.91111662300116
352000.0 54.5930093102503
353000.0 55.422954556988216
354000.0 56.2847358881705
355000.0 57.19383855959652
356000.0 58.09446689522411
357000.0 59.026813234360006
358000.0 60.064928664366604
359000.0 61.02878114927129
360000.0 61.99778421654712
361000.0 62.82026572234444
363000.0 63.142000248575314
364000.0 62.96921564039346
366000.0 63.13801766318153
367000.0 63.415949623238276
368000.0 63.72822095798447
369000.0 63.843006582024955
370000.0 63.72174631484977
371000.0 63.504761498101686
372000.0 63.42735073989499
373000.0 63.53952084822572
374000.0 63.90814651926862
375000.0 64.15196141824205
376000.0 64.19792776947575
377000.0 64.01199863591827
378000.0 63.794052347615846
379000.0 63.86096581588299
380000.0 64.05056060569058
381000.0 64.22946593701114
382000.0 64.40396114491253
383000.0 64.41538158115145
384000.0 64.24175067717304
385000.0 64.11285076023552
386000.0 64.33208225346523
387000.0 64.74871544482208
388000.0 64.91405690356734
389000.0 64.80010112933799
390000.0 64.57321938316456
391000.0 64.48027354954986
392000.0 64.57420067284096
393000.0 64.92402971736443
394000.0 65.2694773637961
395000.0 65.37483598318484
396000.0 65.33903329764215
397000.0 65.18534939080143
398000.0 64.93863047928352
399000.0 64.89428756090547
400000.0 65.10915702705816
401000.0 65.42787311627151
402000.0 65.54769021241836
403000.0 65.40874749102461
404000.0 65.16521049578913
405000.0 64.99822529569064
406000.0 65.07184572161438
407000.0 65.45149546162236
408000.0 65.68156765823373
409000.0 65.64428415204578
410000.0 65.54420000469854
411000.0 65.41795222879824
412000.0 65.28009224165564
413000.0 65.43882286966968
414000.0 65.81921935784254
415000.0 65.95835383949056
416000.0 65.82239069829282
417000.0 65.69588688346877
418000.0 65.66156821108682
419000.0 65.66396093715602
420000.0 65.92177880820536
421000.0 66.21996100413403
422000.0 66.23544259219364
423000.0 66.04800177726295
424000.0 65.77793893420791
425000.0 65.47314940008717
427000.0 65.01410664565051
428000.0 64.89846530406686
429000.0 64.73936696234358
430000.0 64.53290877527287
431000.0 64.35093868224055
432000.0 64.11742621467792
433000.0 63.93807393980481
434000.0 63.74815811680692
435000.0 63.58427353546158
436000.0 63.51951667117128
437000.0 63.49408310479599
438000.0 63.36335990727336
439000.0 63.22119873670316
440000.0 63.16361548063924
441000.0 63.19955660857755
442000.0 63.318130948434344
443000.0 63.40993281838791
444000.0 63.44687239057008
445000.0 63.582578909289126
446000.0 63.727273113775695
447000.0 63.786783727096555
448000.0 63.933230851011075
449000.0 64.083880880095
450000.0 64.187619703342
452000.0 64.42313895784908
453000.0 64.56605701718628
454000.0 64.73366653084042
455000.0 64.97189480319216
456000.0 65.16359854497232
457000.0 65.18728507806577
458000.0 65.09909423186949
459000.0 65.02576716303038
460000.0 65.0026303679117
461000.0 65.12031971573589
462000.0 65.20269692373208
463000.0 65.13707600733332
464000.0 65.07219073965379
465000.0 65.05194193945368
466000.0 65.17013234500077
467000.0 65.31258237646138
468000.0 65.37583709773062
469000.0 65.28673964970723
470000.0 65.16753405435102
471000.0 65.12490616193287
472000.0 65.23321520278705
473000.0 65.37149976004332
474000.0 65.37204238145172
475000.0 65.27286922961255
476000.0 65.19324332662919
478000.0 65.34897974033788
479000.0 65.44776927915152
480000.0 65.4923205011195
481000.0 65.4754857164316
482000.0 65.40358220379147
483000.0 65.30953128884526
484000.0 65.3668249147241
485000.0 65.48331930576707
486000.0 65.41384548017831
487000.0 65.30063177217004
488000.0 65.25896522942256
489000.0 65.36647070322451
490000.0 65.50261516501888
491000.0 65.56124167712753
492000.0 65.46818531117938
493000.0 65.34552037048456
494000.0 65.4201571007205
495000.0 65.54293516005563
496000.0 65.59580819179735
497000.0 65.50035890259605
498000.0 65.37605951536496
499000.0 65.3293712736504
500000.0 65.43351613053531
501000.0 65.56811835484197
502000.0 65.62522460407712
504000.0 65.47626697120647
505000.0 65.38777137017715
506000.0 65.47562062913282
507000.0 65.60295739055869
508000.0 65.65687203164705
509000.0 65.56106594299631
510000.0 65.436000487049
511000.0 65.38835316999871
512000.0 65.49173707015939
513000.0 65.62474154908166
514000.0 65.68094567108056
515000.0 65.64592338669715
516000.0 65.52950032145519
517000.0 65.56093213400533
518000.0 65.66563759990431
519000.0 65.71022214423857
520000.0 65.73086683068252
521000.0 65.62113861625969
522000.0 65.48996936505225
523000.0 65.56003928761291
524000.0 65.67925080110015
525000.0 65.7290378170448
526000.0 65.63097292418057
527000.0 65.50415948445958
529000.0 65.43613551837903
530000.0 65.55048929782431
531000.0 65.68721339562404
532000.0 65.74403498228533
533000.0 65.64848993292499
534000.0 65.52219047117751
535000.0 65.593733833563
536000.0 65.71328664062115
537000.0 65.76309687692105
538000.0 65.78513571148159
539000.0 65.67538574642596
540000.0 65.54350062062633
541000.0 65.61276261993925
542000.0 65.85192759845545
543000.0 65.91860146080154
544000.0 65.73751566042566
545000.0 65.57732982737144
546000.0 65.63508436257337
547000.0 65.74872210583567
548000.0 65.79584934808983
549000.0 65.8159573156491
550000.0 65.70559690910551
551000.0 65.57317527893082
552000.0 65.64181282475444
553000.0 65.88058920868983
554000.0 65.94657649228313
555000.0 65.82538755731838
556000.0 65.67349527466155
557000.0 65.56883911862127
559000.0 65.70116288456332
560000.0 65.91293029839973
561000.0 65.96828754076037
562000.0 65.90313666176786
563000.0 65.7580742533597
564000.0 65.6114678674891
565000.0 65.67413098398433
566000.0 65.91004471078394
567000.0 65.97485961913094
568000.0 65.7923492870407
569000.0 65.63099330458644
570000.0 65.68768915141246
571000.0 65.9212922907166
572000.0 65.98487017353379
573000.0 65.92246586296793
574000.0 65.77855310834215
575000.0 65.63224804432853
576000.0 65.69473712625818
577000.0 65.93022559096082
578000.0 65.99469130314132
579000.0 65.9326397184468
580000.0 65.78873025557881
581000.0 65.64216770767139
583000.0 65.7501394158933
584000.0 65.95855648455519
585000.0 66.01196274463048
586000.0 65.9454516769886
587000.0 65.79936674376009
588000.0 65.65209620213324
591000.0 65.79089183955122
592000.0 65.85979272532794
593000.0 65.76670534526757
594000.0 65.64056088272687
595000.0 65.71080584311505
596000.0 65.94946788464198
597000.0 66.01462179945098
598000.0 65.83223595257138
599000.0 65.66992883988077
600000.0 65.72594579059317
601000.0 65.95889612894732
602000.0 66.02190187912713
603000.0 65.95896515553521
604000.0 65.81417567961302
605000.0 65.66690656012594
607000.0 65.77380594090205
608000.0 65.98184157842675
609000.0 66.15587796419747
610000.0 66.1065116091702
611000.0 65.87808466016827
612000.0 65.69766984839987
613000.0 65.7463029909104
615000.0 66.08902112531389
616000.0 66.0841208160328
617000.0 65.87345385129065
619000.0 65.82000568011347
621000.0 65.9173191562789
622000.0 65.92908933065506
623000.0 65.81385447822282
624000.0 65.67843409295574
625000.0 65.74441867494265
626000.0 65.9810480329914
627000.0 66.04499276370703
628000.0 65.9823609534973
629000.0 65.83726799282479
630000.0 65.68997602686221
633000.0 66.05930487031775
634000.0 66.07926361220603
637000.0 65.7241148703274
638000.0 65.76780223467202
640000.0 65.9174137080655
641000.0 65.93506254395174
642000.0 65.82174708770806
643000.0 65.6868737768987
644000.0 65.7532913560834
645000.0 65.98975101044053
646000.0 66.05380936321238
647000.0 65.99100211242377
648000.0 65.84593567565031
649000.0 65.69839861869706
650000.0 65.75961168436247
652000.0 65.91892753535868
653000.0 65.93713347195157
655000.0 65.75923466644059
656000.0 65.7845477130461
657000.0 66.00479370723637
659000.0 66.06612739051418
660000.0 65.87914945955916
662000.0 65.838667410705
663000.0 66.02930133320477
664000.0 66.075214198943
667000.0 65.73546986945945
668000.0 65.65865815288866
669000.0 65.74795033133591
670000.0 65.99364174846983
671000.0 66.06103797396418
673000.0 65.78555311976902
674000.0 65.67909014236484
675000.0 65.75642251496346
676000.0 65.99720242953387
677000.0 66.06278522535652
679000.0 65.78635215016847
681000.0 66.01640393284336
682000.0 66.19293114133335
683000.0 66.14430196891568
684000.0 66.03651814088755
686000.0 65.787961317842
687000.0 65.8050858584078
688000.0 66.02181033151146
689000.0 66.0778016845739
690000.0 66.01159566094312
691000.0 65.86497574125053
692000.0 65.71676305002761
693000.0 65.77735403494033
695000.0 66.12606359584248
697000.0 66.09968237829617
698000.0 65.90228080366359
699000.0 65.73399741212219
700000.0 65.78667211936352
701000.0 66.01761372587507
702000.0 66.07911002570867
703000.0 66.01503639664591
704000.0 65.8690603508831
705000.0 65.72103049631987
706000.0 65.78183306213344
707000.0 66.0159689913612
708000.0 66.19941812262097
709000.0 66.15350203175066
710000.0 65.92600572840864
711000.0 65.74556980353269
712000.0 65.79335271387707
713000.0 66.022373114957
714000.0 66.20406142351851
715000.0 66.15701105023108
716000.0 65.92912371054446
717000.0 65.74834705174224
718000.0 65.79621325165058
719000.0 66.02499987757612
721000.0 66.28064312316651
722000.0 66.19091987528223
723000.0 65.94584209672368
724000.0 65.75848716929129
725000.0 65.80355494903527
726000.0 66.0311997777305
727000.0 66.09133105863083
728000.0 66.02645260129617
729000.0 65.88015052903867
730000.0 65.73193408990589
731000.0 65.79243004781705
732000.0 66.02631455429744
733000.0 66.2098474423486
734000.0 66.16355494076396
735000.0 66.05671918886057
736000.0 65.89332148248202
737000.0 65.85937759012933
738000.0 66.05550349102064
739000.0 66.22424633950257
740000.0 66.17224342607783
741000.0 66.06283563626809
742000.0 65.89847239631428
743000.0 65.74297109026924
745000.0 65.84342043005928
746000.0 66.04937732915838
747000.0 66.10091809578623
748000.0 66.03282237603327
749000.0 65.88503857661442
750000.0 65.73616209946697
751000.0 65.79619206549765
753000.0 66.14433561542735
754000.0 66.13886168857213
755000.0 65.92762824751156
756000.0 65.75284697789613
757000.0 65.80309861940665
758000.0 66.03286137627697
759000.0 66.21439449733438
760000.0 66.16789442660594
761000.0 66.06033812614724
762000.0 65.89714116684927
763000.0 65.86305216545156
764000.0 66.05932380917001
765000.0 66.22776171015914
766000.0 66.17557597138102
767000.0 66.06593458523835
769000.0 65.8153812966834
770000.0 65.83215757708021
771000.0 66.04860881650082
772000.0 66.22485781200331
773000.0 66.17570130474891
774000.0 65.94658946679004
775000.0 65.7653395397855
776000.0 65.81270179736688
777000.0 66.04130865350557
779000.0 66.29629931572572
780000.0 66.20648111159204
781000.0 65.96096992744894
783000.0 65.88717226790752
784000.0 66.07359544312243
786000.0 66.11520541602462
789000.0 66.00769263834077
790000.0 66.12425876975108
791000.0 66.26077503607326
793000.0 66.15044921002327
794000.0 65.94316529592666
795000.0 65.891307313636
796000.0 66.0798501648869
799000.0 66.10896101179694
800000.0 65.92835618145459
802000.0 65.88952359914978
804000.0 66.17643351900995
805000.0 66.28508314619761
806000.0 66.20867375497834
807000.0 65.96882968227382
808000.0 65.7828454385345
809000.0 65.82826717234768
810000.0 66.0557410201567
811000.0 66.23639719540365
812000.0 66.18891679722253
814000.0 65.84814517398439
816000.0 66.06652292060618
817000.0 66.2409875763141
818000.0 66.19105375455673
820000.0 65.8488616036654
821000.0 65.73416055802696
822000.0 65.80775493877636
823000.0 66.04643899355685
825000.0 66.11654313155738
826000.0 65.92957238810797
827000.0 65.76481557983274
828000.0 65.81870108250673
829000.0 66.04972531696555
831000.0 66.3057681826591
832000.0 66.21615268521792
833000.0 66.09142561861749
835000.0 66.02202933974972
836000.0 66.13486311201785
837000.0 66.27002105644186
838000.0 66.20438753976163
839000.0 66.08954280705164
840000.0 65.92277598077398
841000.0 65.76621772559398
842000.0 65.82284216317258
844000.0 66.16829266856615
845000.0 66.16230893418788
846000.0 65.95009236951753
847000.0 65.77543301055701
849000.0 66.05464385192691
850000.0 66.23601663597368
851000.0 66.18868309813394
852000.0 66.08105768373984
855000.0 66.01455769818567
856000.0 66.13243573619016
857000.0 66.26942202833092
858000.0 66.20481443559417
860000.0 65.85411426849888
862000.0 65.88113416758895
863000.0 66.07846602714521
864000.0 66.12624817058112
865000.0 66.05632402840052
866000.0 65.9077406529304
867000.0 65.75822170320069
868000.0 65.81796253490803
869000.0 66.05125447475923
870000.0 66.23423973423925
871000.0 66.18740820331521
872000.0 65.95934829025961
873000.0 65.77828478582646
874000.0 65.8254164177203
875000.0 66.0536782765314
876000.0 66.23436647906505
877000.0 66.18711153720135
878000.0 66.07937336323639
879000.0 65.91567035839594
880000.0 65.76017763507616
881000.0 65.93839076250761
882000.0 66.18863798177863
885000.0 66.11717659162943
886000.0 65.93202933696499
887000.0 65.76792297489314
888000.0 65.82192657852163
889000.0 66.05286902893205
890000.0 66.23465516148788
891000.0 66.18775225440842
893000.0 65.84777805937073
894000.0 65.85403249533977
895000.0 66.06579154551169
896000.0 66.24049392648492
897000.0 66.19052447411171
898000.0 66.08179787655764
899000.0 65.91762778230355
900000.0 65.76203754610655
901000.0 65.81931097465826
902000.0 66.05169055305292
903000.0 66.11329389730224
905000.0 66.0233035950584
906000.0 65.89222453170623
907000.0 65.74957946795757
909000.0 66.04645045491282
910000.0 66.22967850939614
911000.0 66.1838372109536
912000.0 65.95555090507882
913000.0 65.77458237255915
914000.0 65.8218837662141
915000.0 66.05008023832957
916000.0 66.23136480175782
917000.0 66.18399478192846
918000.0 66.07627177045751
919000.0 65.91264455283981
920000.0 65.75752996487297
921000.0 65.93596387046603
922000.0 66.18583993428541
924000.0 66.13806311736366
925000.0 65.93786013968334
926000.0 65.76772998095353
927000.0 65.81946181996169
928000.0 66.04895703474227
929000.0 66.11071833627457
931000.0 66.02006085910048
933000.0 65.81581085135714
934000.0 65.83758648914493
935000.0 66.05569157392091
936000.0 66.23283045635259
937000.0 66.18392095906233
938000.0 66.07566055324493
939000.0 65.9122689480395
941000.0 66.07326933061267
942000.0 66.24130471590848
943000.0 66.18867795778627
944000.0 66.0789505343807
945000.0 65.91443112861384
946000.0 65.75867731169
947000.0 65.81610405639248
949000.0 65.97175694935663
950000.0 65.98884059742922
951000.0 65.87529076774791
953000.0 65.87424237365614
954000.0 66.06900353879408
957000.0 66.10174191395744
958000.0 66.04159412486848
959000.0 65.89688455457275
960000.0 65.74937299709146
961000.0 65.80977517658943
962000.0 66.04345198660184
963000.0 66.10564936739235
965000.0 65.8260542933617
966000.0 65.7183851315263
967000.0 65.79458822073666
969000.0 65.96146556952468
970000.0 65.98020244439127
971000.0 65.86698142874477
972000.0 65.73175757354754
973000.0 65.79737387513082
974000.0 66.03315107346897
975000.0 66.21729765181522
976000.0 66.17159650454987
977000.0 66.0644835071529
978000.0 65.90105167128121
979000.0 65.86686231047716
984000.0 65.99001909921965
985000.0 65.87060549888052
986000.0 65.73281507790341
987000.0 65.79740428935662
988000.0 66.03261455419818
989000.0 66.09585894981313
990000.0 66.03211425703091
991000.0 65.88613051014754
992000.0 65.73798177977818
993000.0 65.7985263857803
994000.0 66.03185668534657
995000.0 66.09461825885964
996000.0 66.03083901003299
997000.0 65.88475084997654
998000.0 65.73659003055185
999000.0 65.79698367031746
1000000.0 66.03039422673919
1001000.0 66.21392375633796
1002000.0 66.16826526127095
1003000.0 66.06116238891794
1004000.0 65.89769020256279
1005000.0 65.86361160828798
1006000.0 66.05985118283793
1007000.0 66.22823100355498
1010000.0 66.10710477444027
1011000.0 65.92001885515026
1013000.0 66.06865947955437
1015000.0 66.11364754682263
1016000.0 66.04472787449437
1017000.0 65.89632597265671
1018000.0 65.74714485608992
1019000.0 65.80722163250628
1020000.0 66.04076284002932
1022000.0 66.1080570091691
1023000.0 65.92092368450142
1024000.0 65.75627533816773
1026000.0 66.04115040363754
1027000.0 66.2232821054167
1028000.0 66.17675265535011
1029000.0 66.06906962197577
1030000.0 65.90610259015466
1031000.0 65.75064307649832
1033000.0 65.85063724753616
1034000.0 66.05680158657565
1035000.0 66.10830802962718
1036000.0 66.04000362325272
1037000.0 65.89195487662477
1038000.0 65.74296917288117
1039000.0 65.80315976379453
1040000.0 66.03669787218845
1041000.0 66.21965205787066
1042000.0 66.17354402735862
1044000.0 65.83380115428653
1045000.0 65.84052103737291
1046000.0 66.05295899615338
1048000.0 66.10877501614743
1049000.0 66.04109292980161
1050000.0 65.89346646277212
1052000.0 66.06362722601365
1053000.0 66.2331271612015
1054000.0 66.18151435187568
1055000.0 66.0718740549159
1056000.0 65.9076003767155
1057000.0 65.75221522546546
1058000.0 65.80963802408873
1059000.0 66.0420230550478
1060000.0 66.22447455473335
1062000.0 66.14030317822788
1065000.0 66.01035463893291
1067000.0 66.19315801285242
1068000.0 66.16900135841344
1069000.0 66.07060130786193
1071000.0 65.82563298555478
1072000.0 65.84287244688602
1073000.0 66.05925237250794
1074000.0 66.23556739822456
1075000.0 66.18630499841207
1076000.0 66.0777181016528
1077000.0 65.9141106465988
1078000.0 65.87936671563263
1079000.0 66.07496288040487
1080000.0 66.24336577204554
1082000.0 66.15008643814883
1083000.0 65.94493895147909
1084000.0 65.77271108142487
1085000.0 65.94432977996851
1086000.0 66.19177350737473
1088000.0 66.14262436681211
1089000.0 66.06285467932021
1090000.0 65.91036674229495
1091000.0 65.75935897432274
1092000.0 65.81847325855637
1093000.0 66.05153245408493
1094000.0 66.23433133716102
1096000.0 66.14950539226876
1097000.0 65.94505871549883
1098000.0 65.77321683288642
1099000.0 65.94525088914564
1101000.0 66.2923004247896
1102000.0 66.21246150511244
1103000.0 65.97121912826296
1104000.0 65.78475799319025
1105000.0 65.82990126894458
1106000.0 66.05741711542134
1107000.0 66.23803160071317
1108000.0 66.19033408083612
1109000.0 66.08241770076228
1110000.0 65.91863568340702
1112000.0 65.69960097754903
1113000.0 65.79357940963871
1114000.0 66.04035596747795
1115000.0 66.22876332968127
1117000.0 65.95726845041636
1118000.0 65.7759815237415
1120000.0 66.05180808686015
1121000.0 66.23258339340083
1122000.0 66.18606367241507
1123000.0 66.07822296779007
1124000.0 65.9143976555844
1125000.0 65.7588148034203
1126000.0 65.57421157264591
