339000.0 50.727780113963696
340000.0 50.82490969797489
344000.0 51.20089195078168
345000.0 51.291333687237355
346000.0 51.40058600582685
347000.0 51.55669768398723
349000.0 51.98295174273136
350000.0 52.27438475020934
351000.0 52.648644691408805
352000.0 53.09395630511209
353000.0 53.63131727214351
354000.0 54.24611627045972
355000.0 54.9285621465926
356000.0 55.66706163362346
357000.0 56.45500583397152
358000.0 57.31579008124797
359000.0 58.20661762265199
360000.0 59.124448802860165
361000.0 60.031661497899194
363000.0 61.40080441033033
364000.0 61.84743640979679
368000.0 63.30981635507543
369000.0 63.60598502513554
371000.0 63.89760066135688
373000.0 64.06508832722197
374000.0 64.22674365427507
375000.0 64.39487518624868
376000.0 64.50869671489541
377000.0 64.54264429057869
378000.0 64.51138145755907
379000.0 64.51819180712127
382000.0 64.70663091861482
383000.0 64.75092682562223
384000.0 64.72716982689366
385000.0 64.67737816162887
386000.0 64.70059077974616
387000.0 64.81516756331506
388000.0 64.9125903015429
390000.0 64.89030141241126
392000.0 64.82989116239463
393000.0 64.90198411893871
394000.0 65.02595860488589
396000.0 65.1639467229273
397000.0 65.15775591556856
398000.0 65.09117686425273
399000.0 65.03695566699881
400000.0 65.05479886111077
401000.0 65.13375174764789
402000.0 65.20096888802102
404000.0 65.13087473874212
405000.0 65.04563892711278
406000.0 65.00633396072901
407000.0 65.06905460839178
408000.0 65.1528791248164
410000.0 65.17004881765902
412000.0 65.07041567842693
413000.0 65.0676806675967
414000.0 65.15998408292124
415000.0 65.23814182791645
416000.0 65.24326571501484
419000.0 65.18087764409408
420000.0 65.23238330493628
421000.0 65.33859933325311
422000.0 65.39810205352752
424000.0 65.31572741075287
425000.0 65.1932028596652
427000.0 64.88487684721821
428000.0 64.73543641757618
429000.0 64.57698626411462
431000.0 64.21154677817819
432000.0 64.00759898852678
433000.0 63.803787031277544
434000.0 63.598981321197144
435000.0 63.39456520212926
436000.0 63.22123582122963
437000.0 63.07418666818119
438000.0 62.917592572372044
439000.0 62.754242369166995
440000.0 62.61597266317423
442000.0 62.46071070024944
443000.0 62.430669168789734
444000.0 62.406052459628086
445000.0 62.41774823202019
446000.0 62.459072744630106
447000.0 62.49517064478995
448000.0 62.558726093182976
449000.0 62.644404423789155
452000.0 62.92394616244873
454000.0 63.16654115398774
455000.0 63.32477365938597
456000.0 63.49108639171367
458000.0 63.69455993589172
459000.0 63.74576467035496
460000.0 63.79023688113219
461000.0 63.861112938347695
463000.0 63.97078621227848
464000.0 63.984999794989115
465000.0 63.99812550022373
466000.0 64.04229894749257
467000.0 64.11142246047572
468000.0 64.17090490521855
469000.0 64.1904465626707
470000.0 64.17714385223546
471000.0 64.1667335095444
472000.0 64.1908548187845
473000.0 64.24284165310414
475000.0 64.26589069670587
476000.0 64.24632296999897
478000.0 64.27894295331393
479000.0 64.32268490203582
480000.0 64.36057546891337
483000.0 64.3610362381359
484000.0 64.36585842797518
485000.0 64.40137550544257
486000.0 64.40025139248277
487000.0 64.36943697456994
488000.0 64.3438796305339
489000.0 64.35507239891426
490000.0 64.39604186588319
491000.0 64.43168771736
492000.0 64.43072353437171
493000.0 64.39999061191727
494000.0 64.40661340354534
495000.0 64.44379489942108
496000.0 64.47609796349256
497000.0 64.47211887456288
498000.0 64.43885601352522
499000.0 64.4112447506094
500000.0 64.42067965423624
501000.0 64.46006067365269
502000.0 64.4942423847234
504000.0 64.48922160275822
505000.0 64.45852093762802
506000.0 64.46522584056365
507000.0 64.50234106151504
508000.0 64.53438473249807
509000.0 64.53067845624433
510000.0 64.49732393021266
511000.0 64.46981969030942
512000.0 64.47908459595692
513000.0 64.518323381063
514000.0 64.55244972595602
516000.0 64.54715092227588
517000.0 64.54828841255434
520000.0 64.63381347601882
521000.0 64.62334969569595
522000.0 64.58453448406895
523000.0 64.58436712197195
524000.0 64.61553133669153
525000.0 64.64277203639804
526000.0 64.63440941376136
527000.0 64.59726723289954
529000.0 64.54053726685723
530000.0 64.55139926695773
531000.0 64.59204913276743
532000.0 64.62709000655624
533000.0 64.6255664142253
534000.0 64.5943392738325
535000.0 64.60044943373777
536000.0 64.63706620829508
537000.0 64.6688686715069
538000.0 64.69657818853972
539000.0 64.68863074265461
540000.0 64.651794372921
541000.0 64.65331724767023
542000.0 64.71811046730338
543000.0 64.77232293220845
544000.0 64.75652940471079
545000.0 64.71302168571432
546000.0 64.70847411404576
547000.0 64.73605170822103
548000.0 64.76006601503991
549000.0 64.78111815069727
550000.0 64.76753148867536
551000.0 64.72597123858118
552000.0 64.72328940646986
553000.0 64.78446713667091
554000.0 64.83580890333049
556000.0 64.80020665156515
557000.0 64.75720646911668
559000.0 64.75255418027594
560000.0 64.81333934692847
561000.0 64.86447735756917
562000.0 64.87777548293435
563000.0 64.85755172850595
564000.0 64.81017776238832
565000.0 64.80268125639697
566000.0 64.85933484080245
567000.0 64.90713886123079
568000.0 64.88544504939611
569000.0 64.83699825963373
570000.0 64.82834115037285
571000.0 64.88441475126591
572000.0 64.93132463423261
573000.0 64.94077128511115
574000.0 64.91752796799413
575000.0 64.86750445649356
576000.0 64.85776806654766
577000.0 64.91287553361558
578000.0 64.95878905372953
579000.0 64.9678166098731
580000.0 64.94398237863082
581000.0 64.89337612325309
583000.0 64.87639376889156
584000.0 64.93255619240007
585000.0 64.97935870702933
586000.0 64.98905791166857
587000.0 64.96565742167135
588000.0 64.9156258004671
591000.0 64.89603025807159
592000.0 64.921436901938
593000.0 64.91119886926631
594000.0 64.87235895394167
595000.0 64.8719736065524
596000.0 64.9347265044147
597000.0 64.98779356820806
598000.0 64.97036916554157
599000.0 64.92527783186883
600000.0 64.91963965076364
601000.0 64.97818917326202
602000.0 65.02699477312443
603000.0 65.03830560232002
604000.0 65.01628981356544
605000.0 64.96742457186399
607000.0 64.95305275209681
608000.0 65.01007788649527
609000.0 65.08977175656142
610000.0 65.12596793845555
611000.0 65.0944216427351
612000.0 65.0373834126112
613000.0 65.02146582363396
615000.0 65.11595530251698
616000.0 65.15127072182972
617000.0 65.11900838343996
619000.0 65.07380918827724
621000.0 65.09789319780408
622000.0 65.10751037484202
623000.0 65.08452281688118
624000.0 65.03472115825143
625000.0 65.02496447406102
626000.0 65.07973366193949
627000.0 65.12562573910229
628000.0 65.13432076161598
629000.0 65.11000469461246
630000.0 65.05926929145322
633000.0 65.1245222239127
634000.0 65.16705591499492
637000.0 65.09578989970909
638000.0 65.08247656559448
640000.0 65.12013036400101
641000.0 65.13544778535237
642000.0 65.11672172566233
643000.0 65.07064642648125
644000.0 65.06402842787902
645000.0 65.12157420981583
646000.0 65.16958111259183
647000.0 65.17952592730724
648000.0 65.15704396552235
649000.0 65.10764358350293
650000.0 65.09773273527239
652000.0 65.14049826928192
653000.0 65.15784446103113
655000.0 65.12538991232395
656000.0 65.11550990322526
657000.0 65.17031706200815
659000.0 65.25355704490747
660000.0 65.22506623289726
662000.0 65.18542545104953
663000.0 65.23249846262553
664000.0 65.27150522322616
667000.0 65.19249837917585
668000.0 65.14523715494667
669000.0 65.13769938159574
670000.0 65.19452920079927
671000.0 65.24178987013397
673000.0 65.1995064070661
674000.0 65.15364128661604
675000.0 65.1470456212865
676000.0 65.20469020318468
677000.0 65.252679596916
679000.0 65.21140043411351
681000.0 65.2503776257004
682000.0 65.32564800466398
683000.0 65.35804362127683
684000.0 65.35527266205234
686000.0 65.29082571619516
687000.0 65.26851035078815
688000.0 65.31270043673568
689000.0 65.3492030823377
690000.0 65.34995990969978
691000.0 65.31884261580436
692000.0 65.26189816196428
693000.0 65.24601157661135
695000.0 65.34009249713348
697000.0 65.40358118109549
698000.0 65.36711656830578
699000.0 65.30557103373678
700000.0 65.28578594479863
701000.0 65.33169353936519
702000.0 65.37032879783004
703000.0 65.37255026456158
704000.0 65.34271428934677
705000.0 65.28698508539738
706000.0 65.27199873616712
707000.0 65.32214358784549
708000.0 65.39588248192231
709000.0 65.42714393324697
710000.0 65.3913588283336
711000.0 65.33051078742602
712000.0 65.3110449674848
713000.0 65.35753451215284
714000.0 65.42813007178279
715000.0 65.45658259124
716000.0 65.41845124250447
717000.0 65.35558596538915
718000.0 65.33440332212403
719000.0 65.37943266211106
721000.0 65.50827842628638
722000.0 65.52717340636526
723000.0 65.48078528565651
724000.0 65.410958845111
725000.0 65.38392729918031
726000.0 65.42406099898515
727000.0 65.45705520078761
728000.0 65.45474085026143
729000.0 65.42100124701629
730000.0 65.36171636182061
731000.0 65.34384076601005
732000.0 65.39163814245369
733000.0 65.46336851342113
734000.0 65.49281112549593
735000.0 65.48723290232982
736000.0 65.4510187620186
737000.0 65.42180553520232
738000.0 65.46013047399914
739000.0 65.5237587799916
740000.0 65.5460135786031
741000.0 65.53459672654455
742000.0 65.49294701374029
743000.0 65.42731744646017
745000.0 65.38563688148578
746000.0 65.43155290266479
747000.0 65.46952073021042
748000.0 65.47147000217343
749000.0 65.44126061561586
750000.0 65.38519566248418
751000.0 65.36980250399938
753000.0 65.46452699367293
754000.0 65.49962122595534
755000.0 65.46694116772971
756000.0 65.40849179316234
757000.0 65.39136156611426
758000.0 65.43998171124186
759000.0 65.51203985999706
760000.0 65.54175910312976
761000.0 65.53668951336466
762000.0 65.50051337507543
763000.0 65.47154258328416
764000.0 65.50997567637626
765000.0 65.57359364116147
766000.0 65.59595615203467
767000.0 65.58455344773772
769000.0 65.50616503779575
770000.0 65.4782510284506
771000.0 65.51763223983404
772000.0 65.58202148806436
773000.0 65.60492136652306
774000.0 65.56199257933054
775000.0 65.49498927368843
776000.0 65.47038584062736
777000.0 65.51220476428982
779000.0 65.63624702707648
780000.0 65.65306323407239
781000.0 65.60496089256381
783000.0 65.53398501469245
784000.0 65.56857686961652
786000.0 65.61930851167017
789000.0 65.59598042884745
790000.0 65.622752147518
791000.0 65.67669550186098
793000.0 65.7010754884471
794000.0 65.6493190019026
795000.0 65.60681181681586
796000.0 65.63351472984938
799000.0 65.68554883590436
800000.0 65.63731963516697
802000.0 65.56644877613077
804000.0 65.63236907689674
805000.0 65.68863632766887
806000.0 65.70428703526379
807000.0 65.65494305235865
808000.0 65.58276309744976
809000.0 65.55340696712346
810000.0 65.5913980363299
811000.0 65.65468489667315
812000.0 65.67685131314992
814000.0 65.59430346599648
816000.0 65.60236625071788
817000.0 65.66555683272706
818000.0 65.68742283600088
820000.0 65.60470147761973
821000.0 65.54285935547163
822000.0 65.5223471546825
823000.0 65.5680554380231
825000.0 65.63613104256684
826000.0 65.60128861972036
827000.0 65.5411017590006
828000.0 65.52224861803073
829000.0 65.5692757698862
831000.0 65.70075526260518
832000.0 65.72072305661985
833000.0 65.70688313246364
835000.0 65.68597191810332
836000.0 65.71030824023099
837000.0 65.76198580433218
838000.0 65.77397108728434
839000.0 65.75359494248981
840000.0 65.70440464844687
841000.0 65.63195532970067
842000.0 65.60265624760672
844000.0 65.67515083436139
845000.0 65.70137703755448
846000.0 65.66124140921829
847000.0 65.59647599728636
849000.0 65.61730136347902
850000.0 65.68525092089132
851000.0 65.7113974243814
852000.0 65.70285963422661
855000.0 65.68576793690775
856000.0 65.7141533917391
857000.0 65.76925551971915
858000.0 65.78418929053498
860000.0 65.69010041042606
862000.0 65.62881806418332
863000.0 65.6668634943666
864000.0 65.69822900871647
865000.0 65.69427895888506
866000.0 65.65900333182834
867000.0 65.5982613272658
868000.0 65.57902448533997
869000.0 65.62550095668854
870000.0 65.69606045459487
871000.0 65.72419434214584
872000.0 65.68545293061075
873000.0 65.62206639556508
874000.0 65.60046180933622
875000.0 65.64504343864391
876000.0 65.71372004563426
877000.0 65.74035754777933
878000.0 65.73243954369256
879000.0 65.6937739723549
880000.0 65.63030446526345
881000.0 65.64098418671038
882000.0 65.71147284610215
885000.0 65.77960198655074
886000.0 65.73527024721818
887000.0 65.66698841797621
888000.0 65.64119300963604
889000.0 65.68226605016041
890000.0 65.74807681003287
891000.0 65.77212073762533
893000.0 65.69234333543201
894000.0 65.66378480216875
895000.0 65.70238903924734
896000.0 65.76623579569322
897000.0 65.7886973884247
898000.0 65.77714119009082
899000.0 65.73534600602032
900000.0 65.66927810601243
901000.0 65.64533325589824
902000.0 65.68769711246696
903000.0 65.72279146898539
905000.0 65.7213857992472
906000.0 65.6889779607136
907000.0 65.63095360606037
909000.0 65.66187788731408
910000.0 65.73376663977511
911000.0 65.76313250505515
912000.0 65.72558229459389
913000.0 65.66306452517168
914000.0 65.64198534311055
915000.0 65.68689978736806
916000.0 65.7560078767178
917000.0 65.78306359216106
918000.0 65.77543970304734
919000.0 65.73702957937999
920000.0 65.67376273772776
921000.0 65.68443178043402
922000.0 65.75492056111975
924000.0 65.80529516308503
925000.0 65.76334751546891
926000.0 65.69710150369016
927000.0 65.67302308009128
928000.0 65.71547420166152
929000.0 65.7501903659916
931000.0 65.74867196372608
933000.0 65.68682262173323
934000.0 65.6653442102662
935000.0 65.70952871685597
936000.0 65.7784375833909
937000.0 65.80497697199087
938000.0 65.79712237065976
939000.0 65.75830304119002
941000.0 65.76313379577044
942000.0 65.8250429895931
943000.0 65.8457370141181
944000.0 65.83277200621424
945000.0 65.78970601811355
946000.0 65.72235193755573
947000.0 65.69737516038073
949000.0 65.7150726451142
950000.0 65.72212217838825
951000.0 65.69608360249694
953000.0 65.6599251270413
954000.0 65.70752987391212
957000.0 65.805531379648
958000.0 65.799788348797
959000.0 65.76354911429046
960000.0 65.70200213018748
961000.0 65.68184218689235
962000.0 65.72766699085055
963000.0 65.76557157793472
965000.0 65.70709253741288
966000.0 65.65454142866463
967000.0 65.64207622080872
969000.0 65.6794930987513
970000.0 65.69433178783048
971000.0 65.67500659515206
972000.0 65.6280149085579
973000.0 65.62011345301009
974000.0 65.67622380095521
975000.0 65.75484958090843
976000.0 65.78997641096565
977000.0 65.78901674600763
978000.0 65.75618866369362
979000.0 65.73013040048468
984000.0 65.76289669593834
985000.0 65.73506685127425
986000.0 65.68055581970222
987000.0 65.66657902732464
988000.0 65.71766018707393
989000.0 65.75985420043962
990000.0 65.76497795531297
991000.0 65.73745360808132
992000.0 65.6832680459728
993000.0 65.66945167843114
994000.0 65.72064638883172
995000.0 65.76290287156881
996000.0 65.76825002950406
997000.0 65.7408003065153
998000.0 65.68680581220174
999000.0 65.67308618961785
1000000.0 65.72420016359165
1001000.0 65.7985279929469
1002000.0 65.83013503820274
1003000.0 65.82627546047759
1004000.0 65.79117745370678
1005000.0 65.76267373396647
1006000.0 65.80125293160968
1007000.0 65.86520598208342
1010000.0 65.9186391371651
1011000.0 65.87059983607205
1013000.0 65.86055747043703
1015000.0 65.9031227385644
1016000.0 65.88977145653867
1017000.0 65.84665596165709
1018000.0 65.77955175865574
1019000.0 65.75443323190075
1020000.0 65.79604337689842
1022000.0 65.85734797610877
1023000.0 65.81981519068823
1024000.0 65.75705788331042
1026000.0 65.78084155830521
1027000.0 65.84986644212813
1028000.0 65.87660433723961
1029000.0 65.86875428297043
1030000.0 65.8300029294883
1031000.0 65.76635802141166
1033000.0 65.72753265781827
1034000.0 65.77449379818273
1035000.0 65.81299443754186
1036000.0 65.81512742995211
1037000.0 65.7849204710144
1038000.0 65.72870503924784
1039000.0 65.71306711040029
1040000.0 65.76256098647525
1041000.0 65.8357723132053
1042000.0 65.86589659408028
1044000.0 65.79557861969712
1045000.0 65.77065008046759
1046000.0 65.81229347904309
1048000.0 65.87393758666286
1049000.0 65.8683064181133
1050000.0 65.8313947028644
1052000.0 65.83906649877923
1053000.0 65.90169892789214
1054000.0 65.92326842841139
1055000.0 65.91087325706347
1056000.0 65.86840120896782
1057000.0 65.80146049870645
1058000.0 65.77675071597531
1059000.0 65.81873978556308
1060000.0 65.88524124160413
1062000.0 65.92934354949315
1065000.0 65.89774060862773
1067000.0 65.94525011409425
1068000.0 65.96168759665872
1069000.0 65.94499142671262
1071000.0 65.85786956156355
1072000.0 65.82629095101454
1073000.0 65.86217368288852
1074000.0 65.92355981492511
1075000.0 65.94384688592818
1076000.0 65.93020406341645
1077000.0 65.8869327821742
1078000.0 65.8514973141467
1079000.0 65.88429558216208
1080000.0 65.94297936987631
1082000.0 65.97442434103897
1083000.0 65.9248625053529
1084000.0 65.8520698800319
1085000.0 65.85463586972918
1086000.0 65.91792729885377
1088000.0 65.95736000104972
1089000.0 65.94311263624749
1090000.0 65.89887442431925
1091000.0 65.8306151865428
1092000.0 65.80473093439853
1093000.0 65.84563267495497
1094000.0 65.91120841261149
1096000.0 65.95346720166444
1097000.0 65.90846340168403
1098000.0 65.83950678168503
1099000.0 65.84503011109122
1101000.0 65.96756466621221
1102000.0 65.98346587764047
1103000.0 65.9343226429608
1104000.0 65.86180215986421
1105000.0 65.83236618823042
1106000.0 65.87005431527089
1107000.0 65.93298765957616
1108000.0 65.95445864031608
1109000.0 65.94220567716923
1110000.0 65.89963685284773
1112000.0 65.77608036687072
1113000.0 65.75973093280831
1114000.0 65.80867112253844
1115000.0 65.88110533212242
1117000.0 65.8735685649967
1118000.0 65.81116255048627
1120000.0 65.83498288848801
1121000.0 65.90392634154591
1122000.0 65.93076112108149
1123000.0 65.92288238067837
1124000.0 65.88417956288176
1125000.0 65.82052672884859
1126000.0 65.73408770047604
