339000.0 50.728035245751734
340000.0 50.69570122552019
344000.0 50.72194535159431
345000.0 50.75616363217231
346000.0 50.819376588717546
347000.0 50.939683425674815
349000.0 51.321735770803684
350000.0 51.604641263890635
351000.0 51.980464716932694
352000.0 52.43701136502078
353000.0 52.99607480661396
354000.0 53.64300788760467
355000.0 54.36690640455965
356000.0 55.156305495349194
357000.0 56.0033919700963
358000.0 56.93235859185731
359000.0 57.898850984881314
360000.0 58.89919201124279
361000.0 59.89350344311223
363000.0 61.42702751905693
364000.0 61.94541864040768
368000.0 63.65138118716921
369000.0 63.998969328013224
371000.0 64.37104261057941
373000.0 64.59668424028516
374000.0 64.78555155588806
375000.0 64.97930717168342
376000.0 65.11444836505562
377000.0 65.1644551790972
378000.0 65.14352981249043
379000.0 65.15881748636971
382000.0 65.36874561743883
383000.0 65.41767358129255
384000.0 65.39421205428087
385000.0 65.34204402497426
386000.0 65.36408946952906
387000.0 65.48067305622173
388000.0 65.58003530536486
390000.0 65.55201676860395
392000.0 65.47868286816606
393000.0 65.54779334918966
394000.0 65.67165401356493
396000.0 65.8071409339677
397000.0 65.79648697676657
398000.0 65.72176441686692
399000.0 65.65864563659419
400000.0 65.66979463303733
401000.0 65.74503789318719
402000.0 65.80847204560784
404000.0 65.72282469170386
405000.0 65.62587178343499
406000.0 65.57579610439333
407000.0 65.63176674932626
408000.0 65.7108270780981
410000.0 65.71387005896713
412000.0 65.59369915642178
413000.0 65.58137231862625
414000.0 65.66868683717897
415000.0 65.74248209308148
416000.0 65.74066740891129
419000.0 65.6527928789029
420000.0 65.69832784034459
421000.0 65.80176941999315
422000.0 65.85756350786795
424000.0 65.7592898878354
425000.0 65.6237829711056
427000.0 65.28154858747884
428000.0 65.11318901746051
429000.0 64.93401475432138
431000.0 64.5213128882469
432000.0 64.2910896175494
433000.0 64.0598999477788
434000.0 63.82667558573524
435000.0 63.59300641184377
436000.0 63.391031694775904
437000.0 63.216467362632144
438000.0 63.03201076122819
439000.0 62.840305342012925
440000.0 62.674838192327044
442000.0 62.47198754381783
443000.0 62.42262853560639
444000.0 62.379521725811024
445000.0 62.375735067360104
446000.0 62.4047007411267
447000.0 62.429722987991994
448000.0 62.48485155415438
449000.0 62.56471354195091
452000.0 62.837079935823645
454000.0 63.08372121487614
455000.0 63.247022386228295
456000.0 63.42045903985076
458000.0 63.6358694917267
459000.0 63.69073132578177
460000.0 63.73848860546458
461000.0 63.81288063390968
463000.0 63.92883992044386
464000.0 63.94404538019808
465000.0 63.95719163782675
466000.0 64.00196289962014
467000.0 64.07294134177647
468000.0 64.13427737094004
469000.0 64.1537449285501
470000.0 64.13847092511857
471000.0 64.12549107706552
472000.0 64.1476242007269
473000.0 64.19875888328195
475000.0 64.2170609579623
476000.0 64.19302141222602
478000.0 64.21869139049355
479000.0 64.26027410052811
480000.0 64.29603614822076
483000.0 64.28519792762918
484000.0 64.28545079268757
485000.0 64.3178300599077
486000.0 64.31257844537073
487000.0 64.27562830515004
488000.0 64.2437756970688
489000.0 64.24969726775099
490000.0 64.28710998136613
491000.0 64.31936851842357
492000.0 64.31368696918054
493000.0 64.27670474632906
494000.0 64.27828171096003
495000.0 64.31174638270839
496000.0 64.3404165405716
497000.0 64.33179737457519
498000.0 64.29229579858088
499000.0 64.25833776196869
500000.0 64.26232296178557
501000.0 64.29791339811739
502000.0 64.3287151286206
504000.0 64.31426297838794
505000.0 64.27721296069565
506000.0 64.27869685985658
507000.0 64.31206642258906
508000.0 64.34087650755689
509000.0 64.33226128576318
510000.0 64.29271824085399
511000.0 64.25852980205687
512000.0 64.26255918631182
513000.0 64.2982384357819
514000.0 64.32898569747438
516000.0 64.31434864931946
517000.0 64.3106972637774
520000.0 64.38663698993302
521000.0 64.37179420386855
522000.0 64.32692035890388
523000.0 64.321626866615
524000.0 64.34920714147053
525000.0 64.37304939075688
526000.0 64.36006428826637
527000.0 64.31679258100633
529000.0 64.24698876392482
530000.0 64.25245792580306
531000.0 64.28944579527494
532000.0 64.32137323398995
533000.0 64.3155191041838
534000.0 64.27848241785105
535000.0 64.27949230816853
536000.0 64.3128545587878
537000.0 64.34164367929465
538000.0 64.36651277831214
539000.0 64.35464954037019
540000.0 64.31219416967895
541000.0 64.30895756625682
542000.0 64.37190322661195
543000.0 64.42472483833363
544000.0 64.40486472550486
545000.0 64.35558196471324
546000.0 64.34650421389706
547000.0 64.37074645593988
548000.0 64.3916827284811
549000.0 64.40977098718332
550000.0 64.39181449664974
551000.0 64.34446614152444
552000.0 64.33692283177048
553000.0 64.39607017993052
554000.0 64.44570649899785
556000.0 64.40165592635287
557000.0 64.3527108469486
559000.0 64.33801480216677
560000.0 64.39695827265821
561000.0 64.44643567243929
562000.0 64.45704799992
563000.0 64.43262315179233
564000.0 64.37948747170451
565000.0 64.36715828423104
566000.0 64.4221114533424
567000.0 64.46818860387718
568000.0 64.44244974397753
569000.0 64.3879724332869
570000.0 64.37445511074321
571000.0 64.42824997044056
572000.0 64.47352179787946
573000.0 64.4804736498426
574000.0 64.45302445758676
575000.0 64.39709127664713
576000.0 64.38235622348266
577000.0 64.43534271174279
578000.0 64.47962654779971
579000.0 64.48570850203822
580000.0 64.45742631899851
581000.0 64.40093127082898
583000.0 64.37420620166891
584000.0 64.42824376682645
585000.0 64.47353542752263
586000.0 64.48043115997069
587000.0 64.45295690332713
588000.0 64.39703940175903
591000.0 64.36281894049176
592000.0 64.38460584018775
593000.0 64.37003198906805
594000.0 64.32525407112384
595000.0 64.3202231873933
596000.0 64.38165227871161
597000.0 64.43313171788192
598000.0 64.41215899447471
599000.0 64.36185204115586
600000.0 64.35186996940504
601000.0 64.40890974598058
602000.0 64.45676416881183
603000.0 64.4660030992512
604000.0 64.44031421274249
605000.0 64.3862257857573
607000.0 64.36330716143344
608000.0 64.41870258747514
609000.0 64.49890798177996
610000.0 64.53450130108375
611000.0 64.49978021126701
612000.0 64.43747945105038
613000.0 64.41729666845845
615000.0 64.50873464855998
616000.0 64.54296141228656
617000.0 64.5068848770434
619000.0 64.4531435159731
621000.0 64.47128597906686
622000.0 64.47820483385199
623000.0 64.45112424952596
624000.0 64.39565090438077
625000.0 64.38116689337679
626000.0 64.43430892738388
627000.0 64.4786743506319
628000.0 64.48490224311148
629000.0 64.45679314890702
630000.0 64.40036847282471
633000.0 64.45697517768569
634000.0 64.49824032027233
637000.0 64.41589152137398
638000.0 64.3985780153453
640000.0 64.43056682578222
641000.0 64.44333566228735
642000.0 64.42092538449128
643000.0 64.3693443797549
644000.0 64.35837759355469
645000.0 64.4146123174394
646000.0 64.46170458164225
647000.0 64.4702342218547
648000.0 64.44397137404026
649000.0 64.38924626767317
650000.0 64.37549752330308
652000.0 64.4132980845364
653000.0 64.42843112590226
655000.0 64.38876718250219
656000.0 64.3752070209849
657000.0 64.4291761079303
659000.0 64.51161195736903
660000.0 64.48002938195667
662000.0 64.43307354093814
663000.0 64.46193727226243
664000.0 64.4969888418538
667000.0 64.41512842696224
668000.0 64.36432939397368
669000.0 64.35396202472081
670000.0 64.41080521734153
671000.0 64.4583977458844
673000.0 64.41132618016505
674000.0 64.36110907793358
675000.0 64.35125708681821
676000.0 64.40846442111562
677000.0 64.45639816504836
679000.0 64.40959810435709
681000.0 64.4446942572433
682000.0 64.52113540279467
683000.0 64.55374629757978
684000.0 64.5497902538158
686000.0 64.47948797436152
687000.0 64.45354862123891
688000.0 64.49657297165867
689000.0 64.53254441898004
690000.0 64.53126184952868
691000.0 64.49681297002672
692000.0 64.43517227387142
693000.0 64.4152219939844
695000.0 64.50691690896306
697000.0 64.56969219295823
698000.0 64.53018066684761
699000.0 64.46374752199341
700000.0 64.43998670890933
701000.0 64.48502365969553
702000.0 64.52250192780095
703000.0 64.52273174742294
704000.0 64.48944536093468
705000.0 64.42852704037054
706000.0 64.40952547606331
707000.0 64.45856463157779
708000.0 64.53317392314744
709000.0 64.56415982701274
710000.0 64.52527456690463
711000.0 64.45969577509636
712000.0 64.4364550281739
713000.0 64.48190826529775
714000.0 64.5535345879233
715000.0 64.5816679061045
716000.0 64.54042850815657
717000.0 64.47284546240115
718000.0 64.4478480751609
719000.0 64.49194778975671
721000.0 64.62272672583467
722000.0 64.64152513277979
723000.0 64.59228057995415
724000.0 64.51742142474681
725000.0 64.48638769423896
726000.0 64.52521832759457
727000.0 64.55736157214035
728000.0 64.55286784858482
729000.0 64.5156756946819
730000.0 64.45123384118205
731000.0 64.4291858757358
732000.0 64.47573402999942
733000.0 64.54802801464471
734000.0 64.5770517269282
735000.0 64.56992415221794
736000.0 64.53015571249048
737000.0 64.49732610843104
738000.0 64.53449666365185
739000.0 64.59921509235826
740000.0 64.62119839042974
741000.0 64.60811172349803
742000.0 64.56337440375124
743000.0 64.49248780401938
745000.0 64.44241466458637
746000.0 64.4872041017933
747000.0 64.52446501512449
748000.0 64.5244347361771
749000.0 64.4909000718845
750000.0 64.42977876718847
751000.0 64.41059841086441
753000.0 64.5037567774318
754000.0 64.53862211215946
755000.0 64.50321781137224
756000.0 64.44061068119657
757000.0 64.4200260556326
758000.0 64.4678894285961
759000.0 64.5412771115406
760000.0 64.57119286940014
761000.0 64.56483751055693
762000.0 64.5259022910447
763000.0 64.49369280833639
764000.0 64.53132268729806
765000.0 64.59590308936842
766000.0 64.618399285465
767000.0 64.60557426112695
769000.0 64.52115792636106
770000.0 64.48951796318696
771000.0 64.5277144643411
772000.0 64.59306808037103
773000.0 64.61590740593506
774000.0 64.57005455198005
775000.0 64.49841697824802
776000.0 64.46994142225743
777000.0 64.5109111849339
779000.0 64.63685797717562
780000.0 64.65372718763133
781000.0 64.60258758776722
783000.0 64.52472063247662
784000.0 64.55818013487185
786000.0 64.60804325571095
789000.0 64.57873314458536
790000.0 64.60495062288125
791000.0 64.65974716622073
793000.0 64.68367609553242
794000.0 64.62852187237054
795000.0 64.58238295899255
796000.0 64.60802200533887
799000.0 64.65778805057703
800000.0 64.60638457544982
802000.0 64.5274476354989
804000.0 64.59098910711535
805000.0 64.64746812970328
806000.0 64.66310251334441
807000.0 64.61071972665775
808000.0 64.53337013526163
809000.0 64.50013675034066
810000.0 64.53687722167412
811000.0 64.60082818285261
812000.0 64.62270632653288
814000.0 64.53368532897844
816000.0 64.5371299914899
817000.0 64.60127466252834
818000.0 64.62301950109816
820000.0 64.53437414911193
821000.0 64.46739118661873
822000.0 64.4431891848415
823000.0 64.48768298475322
825000.0 64.55522641200912
826000.0 64.51764259767319
827000.0 64.45299086558964
828000.0 64.430628710577
829000.0 64.47690955274278
831000.0 64.61129370925671
832000.0 64.63160464919851
833000.0 64.61709668216028
835000.0 64.59373329218135
836000.0 64.6178917061088
837000.0 64.6708469482308
838000.0 64.6831122935644
839000.0 64.66162199608026
840000.0 64.609403049909
841000.0 64.53244236768879
842000.0 64.49903122337959
844000.0 64.56979516596947
845000.0 64.59573517379727
846000.0 64.55256611137881
847000.0 64.48318017392602
849000.0 64.4994728218823
850000.0 64.56879856229922
851000.0 64.59489948808667
852000.0 64.58538936821347
855000.0 64.56402944450616
856000.0 64.59214871137388
857000.0 64.64875843264333
858000.0 64.66422336372815
860000.0 64.56481538750346
862000.0 64.49643296426999
863000.0 64.53384898885786
864000.0 64.56487238808955
865000.0 64.55922996927268
866000.0 64.52091289458541
867000.0 64.45574162170598
868000.0 64.43308006482849
869000.0 64.47880763864745
870000.0 64.55063543411188
871000.0 64.5791706185559
872000.0 64.53813945610561
873000.0 64.47039750562573
874000.0 64.44574133006061
875000.0 64.4900795210006
876000.0 64.56027957497128
877000.0 64.58760539597546
878000.0 64.57907202073896
879000.0 64.5380519375845
880000.0 64.47054523982295
881000.0 64.47951901571602
882000.0 64.55118524556597
885000.0 64.62107541379433
886000.0 64.57454838681583
887000.0 64.50222636981498
888000.0 64.47319032973618
889000.0 64.51374141375348
890000.0 64.58076429274215
891000.0 64.6053801248572
893000.0 64.52086424110976
894000.0 64.48930597979
895000.0 64.52770481973754
896000.0 64.5930301371743
897000.0 64.61595028627443
898000.0 64.60355921660701
899000.0 64.5593844555137
900000.0 64.4892262137662
901000.0 64.46204216771787
902000.0 64.50420574462194
903000.0 64.53905923233688
905000.0 64.53527167024079
906000.0 64.50021004231563
907000.0 64.4379202110529
909000.0 64.46556425233629
910000.0 64.53919326394681
911000.0 64.56928531741039
912000.0 64.52959527211478
913000.0 64.46328397371096
914000.0 64.43954152629756
915000.0 64.4846342798244
916000.0 64.55587805728754
917000.0 64.58388339707298
918000.0 64.57578373601996
919000.0 64.53537863793227
920000.0 64.46830677241917
921000.0 64.47756988350083
922000.0 64.54969678492846
924000.0 64.60165761213493
925000.0 64.55778803003663
926000.0 64.48749747187738
927000.0 64.46051070893124
928000.0 64.50274507299997
929000.0 64.5379341797267
931000.0 64.53442145961228
933000.0 64.46799255287719
934000.0 64.4436879310852
935000.0 64.48829965283957
936000.0 64.5589257069685
937000.0 64.58654211728762
938000.0 64.57812138891103
939000.0 64.53731659355613
941000.0 64.53981527358798
942000.0 64.60324124182684
943000.0 64.62472434888045
944000.0 64.61103707080339
945000.0 64.5657404749731
946000.0 64.49449900543955
947000.0 64.46643624492653
949000.0 64.48122579710805
950000.0 64.48714102283945
951000.0 64.45876436287729
953000.0 64.41720339964142
954000.0 64.46543971454685
957000.0 64.5660497984518
958000.0 64.56044487369923
959000.0 64.52214123793075
960000.0 64.45683779726053
961000.0 64.43395589673801
962000.0 64.47993978958677
963000.0 64.51807803768675
965000.0 64.45554331223161
966000.0 64.39944651161082
967000.0 64.38424309168286
969000.0 64.41982416405665
970000.0 64.43407587506842
971000.0 64.4127493615054
972000.0 64.36229972121969
973000.0 64.35232397632011
974000.0 64.40906965561078
975000.0 64.49036708894873
976000.0 64.52708554039405
977000.0 64.52664605442362
978000.0 64.49288693242731
979000.0 64.46503151623652
984000.0 64.49597349162288
985000.0 64.46628910625539
986000.0 64.40853495289791
987000.0 64.39227253998074
988000.0 64.44347485850045
989000.0 64.4866877765218
990000.0 64.49176753329101
991000.0 64.46272967695766
992000.0 64.40551067207342
993000.0 64.38967041279274
994000.0 64.44157167423478
995000.0 64.48514429415019
996000.0 64.49048302399133
997000.0 64.46146139641439
998000.0 64.40438803796519
999000.0 64.3887035556912
1000000.0 64.44047135237999
1001000.0 64.51750419329858
1002000.0 64.55053981499329
1003000.0 64.54701004950046
1004000.0 64.51030915255349
1005000.0 64.48019886206562
1006000.0 64.51980828709597
1007000.0 64.5862791725196
1010000.0 64.6434679158028
1011000.0 64.5941848630097
1013000.0 64.58243870612218
1015000.0 64.62616061108426
1016000.0 64.6123697332101
1017000.0 64.56696160574336
1018000.0 64.49559250670363
1019000.0 64.46750577002149
1020000.0 64.5089401719103
1022000.0 64.57118964836225
1023000.0 64.53133194340414
1024000.0 64.46470555112602
1026000.0 64.48558579040802
1027000.0 64.55649161096467
1028000.0 64.58446705257106
1029000.0 64.57630437746538
1030000.0 64.53593536771281
1031000.0 64.46876836782481
1033000.0 64.4246892291879
1034000.0 64.47170987223588
1035000.0 64.51110965844313
1036000.0 64.51275086340486
1037000.0 64.48081374343606
1038000.0 64.42122550598609
1039000.0 64.40318631417846
1040000.0 64.45295394120714
1041000.0 64.52853301592299
1042000.0 64.56015400316467
1044000.0 64.48715006318751
1045000.0 64.46012017334608
1046000.0 64.50228218150548
1048000.0 64.56622688066585
1049000.0 64.56056136582284
1050000.0 64.52227083180621
1052000.0 64.5287857987564
1053000.0 64.59369101915678
1054000.0 64.61646191733821
1055000.0 64.60384546869196
1056000.0 64.55953020241425
1057000.0 64.48920098457677
1058000.0 64.46198720791176
1059000.0 64.50406749556004
1060000.0 64.57255704593297
1062000.0 64.61881952345169
1065000.0 64.58554152674071
1067000.0 64.6340852306685
1068000.0 64.65158665901235
1069000.0 64.63428822441472
1071000.0 64.54262669486631
1072000.0 64.50800369939508
1073000.0 64.5436987203593
1074000.0 64.60657613222983
1075000.0 64.62752582756997
1076000.0 64.61356252704127
1077000.0 64.56798101569521
1078000.0 64.53003413818821
1079000.0 64.56278569876405
1080000.0 64.62327336352845
1082000.0 64.65674366659924
1083000.0 64.60535701457921
1084000.0 64.52895827383648
1085000.0 64.52994827927424
1086000.0 64.59491077872671
1088000.0 64.63548514641309
1089000.0 64.62049572723546
1090000.0 64.57401439163154
1091000.0 64.5017481587459
1092000.0 64.47274854492672
1093000.0 64.51336498172454
1094000.0 64.58052727362937
1096000.0 64.62460673483325
1097000.0 64.57757763429669
1098000.0 64.50469178809344
1099000.0 64.5088692170727
1101000.0 64.63535622198964
1102000.0 64.65249794157323
1103000.0 64.60161882791007
1104000.0 64.52563834051348
1105000.0 64.49349350870695
1106000.0 64.5313189732083
1107000.0 64.59597383310665
1108000.0 64.61855762304097
1109000.0 64.60579989773348
1110000.0 64.56131273843306
1112000.0 64.4298490583836
1113000.0 64.4106084305185
1114000.0 64.45955300212867
1115000.0 64.53396128038695
1117000.0 64.52585292909414
1118000.0 64.46019670821138
1120000.0 64.48227473482712
1121000.0 64.55385294058267
1122000.0 64.5821184682187
1123000.0 64.5742665819337
1124000.0 64.5340650201079
1125000.0 64.46711180708843
1126000.0 64.37561698585829
