339000.0 50.89505437738123
340000.0 50.98878488372351
344000.0 51.353736798854484
345000.0 51.4422791389275
346000.0 51.54855391032997
347000.0 51.6995529737994
349000.0 52.11163498936017
350000.0 52.392803788222906
351000.0 52.75389621112345
352000.0 53.1836156985791
353000.0 53.70278233500784
354000.0 54.297310365391766
355000.0 54.95819642973065
356000.0 55.6745601589389
357000.0 56.440156649503805
358000.0 57.27704515830802
359000.0 58.145066197515185
360000.0 59.04074477605683
361000.0 59.92854873377013
363000.0 61.285030588271425
364000.0 61.737139015827225
368000.0 63.22286108884395
369000.0 63.525281757291005
371000.0 63.84017875644162
373000.0 64.02927784132469
374000.0 64.19546244871758
375000.0 64.36703415871648
376000.0 64.48629347883396
377000.0 64.52855254728566
378000.0 64.507746406726
379000.0 64.5216028091645
382000.0 64.71801554638358
383000.0 64.76502266322942
384000.0 64.74702123406739
385000.0 64.7035435855873
386000.0 64.72833484982081
387000.0 64.83959424918474
388000.0 64.93479679794844
390000.0 64.91961493469842
392000.0 64.86481638945635
393000.0 64.93419652281621
394000.0 65.0534140440366
396000.0 65.18837918567667
397000.0 65.18457978980229
398000.0 65.12268825773891
399000.0 65.07201224803691
400000.0 65.08945349863353
401000.0 65.16493570420604
402000.0 65.23001659691288
404000.0 65.16544892422729
405000.0 65.08471542522514
406000.0 65.04735664354381
407000.0 65.10623642279825
408000.0 65.18576962005346
410000.0 65.20302363819174
412000.0 65.10860646804176
413000.0 65.10552867520536
414000.0 65.19264221334244
415000.0 65.26708117360987
416000.0 65.272447304667
419000.0 65.21451559792231
420000.0 65.26336751438906
421000.0 65.3646189172653
422000.0 65.42193690756523
424000.0 65.34540858527066
425000.0 65.22931237441865
427000.0 64.93429020769312
428000.0 64.79004959455251
429000.0 64.63666158328488
431000.0 64.28197913670871
432000.0 64.08365772287851
433000.0 63.88497366988525
434000.0 63.68468175653793
435000.0 63.48432266086979
436000.0 63.31307245819387
437000.0 63.166697432898985
438000.0 63.01129569887653
439000.0 62.84936213580352
440000.0 62.71111059521053
442000.0 62.55067832148926
443000.0 62.51639052952907
444000.0 62.48781901049075
445000.0 62.49415984868314
446000.0 62.52956840202407
447000.0 62.56060657007386
448000.0 62.618328945573666
449000.0 62.69800154393762
452000.0 62.96229444746274
454000.0 63.194948765767975
455000.0 63.34695757944479
456000.0 63.507444024548086
458000.0 63.70728786034974
459000.0 63.759188098548
460000.0 63.80455000094145
461000.0 63.87477074228351
463000.0 63.98490057448589
464000.0 64.0011544850916
465000.0 64.01592866343773
466000.0 64.05990458142682
467000.0 64.12755417498047
468000.0 64.18612583887656
469000.0 64.20705862334493
470000.0 64.19633725769019
471000.0 64.18836441759251
472000.0 64.21222655355824
473000.0 64.2627288020556
475000.0 64.28710279979938
476000.0 64.26932634432941
478000.0 64.30158607114086
479000.0 64.3438128066776
480000.0 64.38071100418497
483000.0 64.38393576801177
484000.0 64.38895103833774
485000.0 64.42303185605029
486000.0 64.42256581077326
487000.0 64.39357676555872
488000.0 64.36942913301239
489000.0 64.38001976173929
490000.0 64.41892822791253
491000.0 64.45301658469269
492000.0 64.45236329603074
493000.0 64.42328862933186
494000.0 64.42961846640726
495000.0 64.46498410535027
496000.0 64.49593340291962
497000.0 64.49259962775946
498000.0 64.46127600813543
499000.0 64.4350383571541
500000.0 64.4436570755821
501000.0 64.48109677880569
502000.0 64.51359807149056
504000.0 64.5094339899278
505000.0 64.48050775863646
506000.0 64.48684443483117
507000.0 64.52205133643363
508000.0 64.5529264921158
509000.0 64.5496044070971
510000.0 64.5180402032074
511000.0 64.49164488493209
512000.0 64.50009673003936
513000.0 64.53740628047944
514000.0 64.56993267299475
516000.0 64.56566947143368
517000.0 64.5669603967861
520000.0 64.6485791103462
521000.0 64.63920667329515
522000.0 64.60263190235234
523000.0 64.60237189495948
524000.0 64.63193585988984
525000.0 64.65793780012655
526000.0 64.65022875948026
527000.0 64.61507005566708
529000.0 64.5607696592158
530000.0 64.57061798989851
531000.0 64.60888848863758
532000.0 64.64230087950844
533000.0 64.64106901158362
534000.0 64.61144810495846
535000.0 64.61715374407183
536000.0 64.65180381953788
537000.0 64.68214126982132
538000.0 64.70875609600986
539000.0 64.70173596959937
540000.0 64.66700971908466
541000.0 64.6682970422416
542000.0 64.72970863897194
543000.0 64.78166022568313
544000.0 64.76700918152642
545000.0 64.72578307130313
546000.0 64.72153340179469
547000.0 64.74780075640757
548000.0 64.7708610417144
549000.0 64.79116101396765
550000.0 64.77857222399268
551000.0 64.73920232322224
552000.0 64.73656851302718
553000.0 64.79431878695276
554000.0 64.8433395077724
556000.0 64.8107205593292
557000.0 64.77006168287733
559000.0 64.7654207132804
560000.0 64.8231491770571
561000.0 64.87193042385896
562000.0 64.88488693909473
563000.0 64.86625591831513
564000.0 64.82151042071288
565000.0 64.81425986395952
566000.0 64.86807165852306
567000.0 64.91369972054204
568000.0 64.8935502567952
569000.0 64.84766224065424
570000.0 64.83935884763673
571000.0 64.89252422453245
572000.0 64.9373266842725
573000.0 64.94688926376253
574000.0 64.92535093906716
575000.0 64.87805641811832
576000.0 64.8685024818411
577000.0 64.92064239205425
578000.0 64.96452945538721
579000.0 64.97342658299019
580000.0 64.95104087276938
581000.0 64.90308946556007
583000.0 64.8864541037579
584000.0 64.93947224390462
585000.0 64.98425117494932
586000.0 64.99382573194096
587000.0 64.97195074657228
588000.0 64.92451375026332
591000.0 64.90493680049457
592000.0 64.92869199431576
593000.0 64.91890652852501
594000.0 64.88186206975195
595000.0 64.88119750045948
596000.0 64.94034010386055
597000.0 64.99051313371098
598000.0 64.97435016568957
599000.0 64.93184595100814
600000.0 64.92640314969223
601000.0 64.98195056479535
602000.0 65.02873696891231
603000.0 65.03994299738083
604000.0 65.01961477314872
605000.0 64.97343356175489
607000.0 64.95946981420671
608000.0 65.0134515745496
609000.0 65.08949551297381
610000.0 65.12453934049182
611000.0 65.09539255643831
612000.0 65.0418158599236
613000.0 65.0266452585432
615000.0 65.11639686573974
616000.0 65.15039092199757
617000.0 65.120501403865
619000.0 65.07780041796832
621000.0 65.10063070703188
622000.0 65.11032345406787
623000.0 65.08862426010893
624000.0 65.04111712702735
625000.0 65.03131605196958
626000.0 65.08305806097756
627000.0 65.12655499931265
628000.0 65.13505967438805
629000.0 65.11224304483864
630000.0 65.06390826363942
633000.0 65.12539364516753
634000.0 65.16586519185665
637000.0 65.09924632090134
638000.0 65.08642771483403
640000.0 65.12179356894723
641000.0 65.1359953754355
642000.0 65.11838883942336
643000.0 65.07473348351728
644000.0 65.06794470551249
645000.0 65.1222112710629
646000.0 65.16776735219611
647000.0 65.17808050617626
648000.0 65.15693124514766
649000.0 65.10987660826993
650000.0 65.10046043243752
652000.0 65.1407924283108
653000.0 65.15732186613472
655000.0 65.12646844234999
656000.0 65.11705185690495
657000.0 65.16898579887133
659000.0 65.24897389338452
660000.0 65.22266888908378
662000.0 65.18522495495326
663000.0 65.22985863206553
664000.0 65.26716019284241
667000.0 65.19317358308406
668000.0 65.14804218755464
669000.0 65.1403239466995
670000.0 65.19388812621291
671000.0 65.23873670863861
673000.0 65.19884744683914
674000.0 65.15539077594036
675000.0 65.14868106619531
676000.0 65.20298959347366
677000.0 65.24862167544879
679000.0 65.21019049589613
681000.0 65.24665124894433
682000.0 65.31835509535493
683000.0 65.34982957026361
684000.0 65.34805231587704
686000.0 65.28782148678205
687000.0 65.266510680131
688000.0 65.30825722399834
689000.0 65.34326642557399
690000.0 65.34425938258919
691000.0 65.3149625476592
692000.0 65.2610206816822
693000.0 65.24564687260816
695000.0 65.33463837887301
697000.0 65.39543173060571
698000.0 65.36162470457315
699000.0 65.30299726048536
700000.0 65.28404957594117
701000.0 65.3274837078257
702000.0 65.36413022764025
703000.0 65.36651536575997
704000.0 65.33847182715908
705000.0 65.28545009639564
706000.0 65.27089319691099
707000.0 65.31818314831555
708000.0 65.38828328055591
709000.0 65.41840392624727
710000.0 65.38487313977994
711000.0 65.32725663413369
712000.0 65.30860078758005
713000.0 65.35252600114688
714000.0 65.41990528116725
715000.0 65.44748133385167
716000.0 65.41158390148223
717000.0 65.35216571467566
718000.0 65.3318891061652
719000.0 65.37453421740932
721000.0 65.49757595269804
722000.0 65.51618118131758
723000.0 65.47282732679838
724000.0 65.4066690465439
725000.0 65.38085773916903
726000.0 65.4186533349599
727000.0 65.44997586326946
728000.0 65.4479319911437
729000.0 65.41606384848633
730000.0 65.3597362772379
731000.0 65.34214909609048
732000.0 65.3871452364804
733000.0 65.45532441582756
734000.0 65.48356051756664
735000.0 65.4786671737863
736000.0 65.44435053203904
737000.0 65.4166334100089
738000.0 65.45288859948637
739000.0 65.51340527416306
740000.0 65.53516977371972
741000.0 65.52481243106081
742000.0 65.48576076147755
743000.0 65.42323721142274
745000.0 65.38277672945756
746000.0 65.42571748088554
747000.0 65.46182726899086
748000.0 65.46369796510935
749000.0 65.43522315678298
750000.0 65.38191098167695
751000.0 65.36680112432568
753000.0 65.45582793255751
754000.0 65.48939971699505
755000.0 65.45873511542857
756000.0 65.4037886687106
757000.0 65.38722287088004
758000.0 65.43306801109627
759000.0 65.50174863593806
760000.0 65.53057935493356
761000.0 65.52621107490121
762000.0 65.49215025594745
763000.0 65.46465817781353
764000.0 65.50087144711756
765000.0 65.56155414619542
766000.0 65.58331196247944
767000.0 65.57310850584747
769000.0 65.49958621717327
770000.0 65.47289749280857
771000.0 65.50998502155296
772000.0 65.57107873901832
773000.0 65.59333076403522
774000.0 65.55285329500703
775000.0 65.48932584442491
776000.0 65.46555250239939
777000.0 65.5050324881547
779000.0 65.62291394998076
780000.0 65.63952994001772
781000.0 65.59427370018562
783000.0 65.52721709976123
784000.0 65.55976513915166
786000.0 65.60845801683777
789000.0 65.58631575652792
790000.0 65.61186680002022
791000.0 65.66334799984634
793000.0 65.68768904288079
794000.0 65.63892026499614
795000.0 65.59862104605492
796000.0 65.62403976628212
799000.0 65.67411468006205
800000.0 65.62875935234523
802000.0 65.56075536518271
804000.0 65.622397079993
805000.0 65.67571372267794
806000.0 65.69097725852235
807000.0 65.64455568999092
808000.0 65.57573486930147
809000.0 65.54759532042569
810000.0 65.58309936347072
811000.0 65.64300661315633
812000.0 65.66433301142065
814000.0 65.58637129182935
816000.0 65.59340411314513
817000.0 65.65333101768385
818000.0 65.67456820614436
820000.0 65.59632488951812
821000.0 65.53725232913366
822000.0 65.51732691402114
823000.0 65.56001790815952
825000.0 65.62479140546421
826000.0 65.59176845221745
827000.0 65.5345251573593
828000.0 65.51622501895665
829000.0 65.56042087450372
831000.0 65.68566625828679
832000.0 65.70510404739275
833000.0 65.69276905209162
835000.0 65.67365722031619
836000.0 65.69702348123964
837000.0 65.74630126667005
838000.0 65.75839310930667
839000.0 65.73968348453604
840000.0 65.69327918386846
841000.0 65.62455048805127
842000.0 65.59618890856227
844000.0 65.66403241160529
845000.0 65.68908354034592
846000.0 65.65104214772931
847000.0 65.58942662948363
849000.0 65.60802132698709
850000.0 65.67251444045431
851000.0 65.69752391015292
852000.0 65.6899486542102
855000.0 65.6741288470937
856000.0 65.70105347835317
857000.0 65.7534261922052
858000.0 65.76828034781337
860000.0 65.68015099257222
862000.0 65.62156060846817
863000.0 65.6573229152789
864000.0 65.68686418845712
865000.0 65.68290479634126
866000.0 65.64948147794479
867000.0 65.59175267682039
868000.0 65.57287943052718
869000.0 65.61660602667865
870000.0 65.68331169540254
871000.0 65.71027275574664
872000.0 65.67397478489691
873000.0 65.61371402467586
874000.0 65.59279108828504
875000.0 65.6344606177865
876000.0 65.69958696261516
877000.0 65.72544942749143
878000.0 65.71831086162412
879000.0 65.68191799993139
880000.0 65.62166768059176
881000.0 65.63124621711512
882000.0 65.69800588958779
885000.0 65.76420783635746
886000.0 65.72252120385127
887000.0 65.65765936086459
888000.0 65.63284070515962
889000.0 65.67139402209122
890000.0 65.73356894074172
891000.0 65.75681010454346
893000.0 65.68191095967771
894000.0 65.65455905771697
895000.0 65.69103292326173
896000.0 65.75158900356882
897000.0 65.7731559840543
898000.0 65.76262704885403
899000.0 65.72329779549764
900000.0 65.66040370647508
901000.0 65.63719871493504
902000.0 65.6769447063007
903000.0 65.71013822788694
905000.0 65.70910802896924
906000.0 65.6783170354195
907000.0 65.62298759209644
909000.0 65.65138031626319
910000.0 65.71973341004033
911000.0 65.74799884164104
912000.0 65.71251890173147
913000.0 65.65310478555372
914000.0 65.63285190448907
915000.0 65.67508165662304
916000.0 65.74067567567519
917000.0 65.76694557281508
918000.0 65.76010303111177
919000.0 65.72412868152772
920000.0 65.66422671776839
921000.0 65.67392632653177
922000.0 65.74069234463146
924000.0 65.78915931391316
925000.0 65.74980072654608
926000.0 65.68714369769448
927000.0 65.66389342981697
928000.0 65.70385644329897
929000.0 65.7369705530681
931000.0 65.73558042269075
933000.0 65.67687720590655
934000.0 65.65604340044783
935000.0 65.6978788106043
936000.0 65.76303659260462
937000.0 65.7889353412226
938000.0 65.78171701645817
939000.0 65.74545781552362
941000.0 65.74957599660932
942000.0 65.80856863275585
943000.0 65.82871664902146
944000.0 65.81683282340087
945000.0 65.77620514302892
946000.0 65.71224526904803
947000.0 65.68799840808697
949000.0 65.70410638245897
950000.0 65.71061040309355
951000.0 65.68586650504241
953000.0 65.65081968024224
954000.0 65.69592976529061
957000.0 65.78962917460427
958000.0 65.78476996893335
959000.0 65.7505020044971
960000.0 65.69193175349409
961000.0 65.67240232019186
962000.0 65.71551484606832
963000.0 65.75121543294166
965000.0 65.69586531541421
966000.0 65.6457031218195
967000.0 65.63331964603263
969000.0 65.66815877712072
970000.0 65.68212140806334
971000.0 65.66375843266806
972000.0 65.61886174756793
973000.0 65.61099090359454
974000.0 65.66408896410432
975000.0 65.73886906071087
976000.0 65.77271435099082
977000.0 65.77258213064893
978000.0 65.742238129339
979000.0 65.71747286199297
984000.0 65.74889326830886
985000.0 65.72260926576601
986000.0 65.67091482962039
987000.0 65.6572074612681
988000.0 65.70530687232099
989000.0 65.74537234350107
990000.0 65.75045889300088
991000.0 65.72454915879861
992000.0 65.67313982815935
993000.0 65.65965597033585
994000.0 65.7080072995493
995000.0 65.74821280567343
996000.0 65.7535573392366
997000.0 65.72773431792758
998000.0 65.67643494767914
999000.0 65.6631453072727
1000000.0 65.71160325776147
1001000.0 65.78239851569589
1002000.0 65.81280368148286
1003000.0 65.80967161588985
1004000.0 65.77654733477776
1005000.0 65.74968652877746
1006000.0 65.78628609290381
1007000.0 65.84728006172803
1010000.0 65.90012456230139
1011000.0 65.85531997217812
1013000.0 65.84607893499027
1015000.0 65.88677668012016
1016000.0 65.8746081496663
1017000.0 65.83387409848163
1018000.0 65.76978284969252
1019000.0 65.74536995287744
1020000.0 65.78415425238391
1022000.0 65.84221210367271
1023000.0 65.80656088963732
1024000.0 65.74688947194038
1026000.0 65.76853553832527
1027000.0 65.83383267230504
1028000.0 65.85951309533081
1029000.0 65.85247275227668
1030000.0 65.81608505171207
1031000.0 65.75561069467551
1033000.0 65.71790909861231
1034000.0 65.76190166718273
1035000.0 65.79854214710636
1036000.0 65.80060827523344
1037000.0 65.77219473169711
1038000.0 65.71893678444401
1039000.0 65.70362101600934
1040000.0 65.74979224197122
1041000.0 65.81917325832507
1042000.0 65.84822276821939
1044000.0 65.78225807496707
1045000.0 65.75842393096607
1046000.0 65.79724418328007
1048000.0 65.85672683086625
1049000.0 65.85186980993849
1050000.0 65.81731064043396
1052000.0 65.82476610188903
1053000.0 65.88437569415359
1054000.0 65.90549069604288
1055000.0 65.89411648477571
1056000.0 65.85418545404323
1057000.0 65.79078542295701
1058000.0 65.76692768730763
1059000.0 65.80621460892941
1060000.0 65.86907913226908
1062000.0 65.91192727087164
1065000.0 65.88272917670317
1067000.0 65.92808718190699
1068000.0 65.9442078368773
1069000.0 65.9287963556784
1071000.0 65.84605157589348
1072000.0 65.81560359456685
1073000.0 65.84904114849746
1074000.0 65.90702113622393
1075000.0 65.92674196708782
1076000.0 65.9141824312839
1077000.0 65.87327912250103
1078000.0 65.83948130053176
1079000.0 65.87007502774475
1080000.0 65.92590764338344
1082000.0 65.95678962954184
1083000.0 65.91009864040952
1084000.0 65.84102328786072
1085000.0 65.84274235491668
1086000.0 65.9027909868181
1088000.0 65.94064839436382
1089000.0 65.92733843901766
1090000.0 65.88553191546612
1091000.0 65.82065276967784
1092000.0 65.7953933742484
1093000.0 65.83316472836155
1094000.0 65.8953162089678
1096000.0 65.93615210463125
1097000.0 65.89352945646993
1098000.0 65.82770997166003
1099000.0 65.83256988850654
1101000.0 65.94893084388428
1102000.0 65.96462835108147
1103000.0 65.91856301379686
1104000.0 65.84980873750217
1105000.0 65.82150050313643
1106000.0 65.85672767763992
1107000.0 65.91623306953426
1108000.0 65.93719095061643
1109000.0 65.92572371202147
1110000.0 65.88571281559648
1112000.0 65.76752895585375
1113000.0 65.75140784681088
1114000.0 65.79735518558897
1115000.0 65.8660024361062
1117000.0 65.85963745779117
1118000.0 65.80004220844788
1120000.0 65.82193115642355
1121000.0 65.88747345395396
1122000.0 65.91332804421573
1123000.0 65.90627904417165
1124000.0 65.86983696725152
1125000.0 65.80931664512175
1126000.0 65.72688026305896
