339000.0,50.73047086399958
340000.0,50.81563923037211
344000.0,51.15791295865771
345000.0,51.242728314331714
346000.0,51.34473968802813
347000.0,51.488939493909896
349000.0,51.8823784037046
350000.0,52.15105312896055
351000.0,52.49543363365559
352000.0,52.905798245318465
353000.0,53.40173119847346
354000.0,53.97135134675794
355000.0,54.60549964817115
356000.0,55.29531954192146
357000.0,56.03443956991275
358000.0,56.843543101626665
359000.0,57.68576482339166
360000.0,58.5576689962284
361000.0,59.42611549430435
363000.0,60.78310762314714
364000.0,61.25273441936186
368000.0,62.8124903626907
369000.0,63.13404845530339
371000.0,63.50213916154496
373000.0,63.74062121599997
374000.0,63.9219707755217
375000.0,64.10698744026455
376000.0,64.24216431805208
377000.0,64.30464791849523
378000.0,64.30620283391728
379000.0,64.33713833498118
382000.0,64.56388271139289
383000.0,64.62083135308899
384000.0,64.61664676373846
385000.0,64.58706807106215
386000.0,64.6192120665539
387000.0,64.73069039647251
388000.0,64.82810904625553
390000.0,64.83137031264361
392000.0,64.79449688581653
393000.0,64.86414834697865
394000.0,64.9803397926721
396000.0,65.11883599027978
397000.0,65.12229229312331
398000.0,65.07140355471151
399000.0,65.02955587633777
400000.0,65.04977099670184
401000.0,65.12383848638584
402000.0,65.18836772321274
404000.0,65.13838175348444
405000.0,65.067218609414
406000.0,65.03485673810391
407000.0,65.09160040224272
408000.0,65.16801273826064
410000.0,65.19090366513439
412000.0,65.10950019777239
413000.0,65.10856208111048
414000.0,65.19104703393454
415000.0,65.26303308479667
416000.0,65.27141968267505
419000.0,65.2261900284426
420000.0,65.27357669308391
421000.0,65.36999806099615
422000.0,65.42680769700375
424000.0,65.36390354238569
425000.0,65.25915041635183
427000.0,64.98770640147121
428000.0,64.85298938940511
429000.0,64.70869489840054
431000.0,64.37239413730573
432000.0,64.18325036745516
433000.0,63.99255028964823
434000.0,63.79955934108966
435000.0,63.605445238728485
436000.0,63.43762909402218
437000.0,63.292254185028355
438000.0,63.138918496134224
439000.0,62.979103991768824
440000.0,62.84103865988288
442000.0,62.67272211045399
443000.0,62.63214639154685
444000.0,62.5978950667663
445000.0,62.596721570198945
446000.0,62.6236114231036
447000.0,62.64774203897679
448000.0,62.69760197930732
449000.0,62.76895999182669
452000.0,63.01331457377929
454000.0,63.23338890842483
455000.0,63.37795846611842
456000.0,63.53182279478453
458000.0,63.73032903502492
459000.0,63.785024331551654
460000.0,63.83367194457526
461000.0,63.90490985652947
463000.0,64.0197080986047
464000.0,64.04087927710735
465000.0,64.06020891976983
466000.0,64.10592449045858
467000.0,64.17369926192832
468000.0,64.2333923511651
469000.0,64.25798339350156
470000.0,64.25295412845254
471000.0,64.24951917622606
472000.0,64.2753913505418
473000.0,64.32597838331462
475000.0,64.35646765956625
476000.0,64.34345054833368
478000.0,64.37868139708768
479000.0,64.42049008601563
480000.0,64.45739266586254
483000.0,64.46929418563103
484000.0,64.47602998422096
485000.0,64.50973346528929
486000.0,64.51165326258463
487000.0,64.48693370895079
488000.0,64.46660849881832
489000.0,64.4775622015094
490000.0,64.51494675083967
491000.0,64.54821178811656
492000.0,64.54967380081821
493000.0,64.52462893252066
494000.0,64.53173608557236
495000.0,64.56589192450932
496000.0,64.59621583977145
497000.0,64.59506797236456
498000.0,64.56776107023576
499000.0,64.54475202058185
500000.0,64.55365116713658
501000.0,64.58924398288833
502000.0,64.6207876969029
504000.0,64.62025223088457
505000.0,64.59453399093091
506000.0,64.6012151203846
507000.0,64.63477918381385
508000.0,64.66465721361078
509000.0,64.66311825244573
510000.0,64.6353698897148
511000.0,64.61192032874035
512000.0,64.62048196892886
513000.0,64.65565097571961
514000.0,64.68684163936939
516000.0,64.68544845745515
517000.0,64.68784579712614
520000.0,64.76776228092666
521000.0,64.76094918635607
522000.0,64.72852481027772
523000.0,64.72902765957693
524000.0,64.75728320881913
525000.0,64.78237996184097
526000.0,64.77679271030335
527000.0,64.7454232564966
529000.0,64.69623911768394
530000.0,64.70534713570889
531000.0,64.74117429013644
532000.0,64.77286086774059
533000.0,64.77293481749959
534000.0,64.74634414172941
535000.0,64.75205431475281
536000.0,64.78476674433816
537000.0,64.8138343599004
538000.0,64.83968802257719
539000.0,64.83479993312942
540000.0,64.80386131360663
541000.0,64.80575594627712
542000.0,64.86317590846197
543000.0,64.91254656498877
544000.0,64.90103324453277
545000.0,64.86442979585192
546000.0,64.86125297012673
547000.0,64.88625989594959
548000.0,64.9085768258264
549000.0,64.92855840286957
550000.0,64.91834462179233
551000.0,64.88305176382124
552000.0,64.88102831127712
553000.0,64.93517021020284
554000.0,64.98161619126913
556000.0,64.95399873996124
557000.0,64.91723073615032
559000.0,64.91328456645758
560000.0,64.96701245998699
561000.0,65.01326174218113
562000.0,65.02683524711519
563000.0,65.01102266569842
564000.0,64.9706487209122
565000.0,64.96437868725515
566000.0,65.01467291197213
567000.0,65.05769218506637
568000.0,65.04046311117932
569000.0,64.99897812651551
570000.0,64.99165807068083
571000.0,65.04085690694738
572000.0,65.08335129922904
573000.0,65.0933627329519
574000.0,65.07473704813488
575000.0,65.03188489157839
576000.0,65.02339997664828
577000.0,65.07156567224757
578000.0,65.11312967561196
579000.0,65.12251453131063
580000.0,65.1029471488255
581000.0,65.05940197196354
583000.0,65.04414096886316
584000.0,65.09328801367062
585000.0,65.13545917910568
586000.0,65.14540109771964
587000.0,65.12639590020426
588000.0,65.08336767259155
591000.0,65.06469555917134
592000.0,65.08668585650085
593000.0,65.07829864302533
594000.0,65.04422697733555
595000.0,65.04330719743278
596000.0,65.09827579162723
597000.0,65.14526598198664
598000.0,65.13162798993287
599000.0,65.09302085931279
600000.0,65.08800845125967
601000.0,65.13941947031385
602000.0,65.18345634853915
603000.0,65.19480755797298
604000.0,65.17713434414223
605000.0,65.13511068196442
607000.0,65.12229579574948
608000.0,65.17220615417675
609000.0,65.24304962735629
610000.0,65.27699225215244
611000.0,65.25163184107736
612000.0,65.20287717241015
613000.0,65.1891837452738
615000.0,65.27281148781083
616000.0,65.30556907830817
617000.0,65.2791617878542
619000.0,65.24051448740374
621000.0,65.262397199138
622000.0,65.27179505958325
623000.0,65.25215349185304
624000.0,65.20850021448554
625000.0,65.19918573265318
626000.0,65.24652215314812
627000.0,65.28727477824017
628000.0,65.29560439087065
629000.0,65.27542962482424
630000.0,65.2311907348299
633000.0,65.28727937796265
634000.0,65.32536129348614
637000.0,65.26576547722941
638000.0,65.2539934725506
640000.0,65.28657048696786
641000.0,65.30028383194792
642000.0,65.28436032648467
643000.0,65.2437922748762
644000.0,65.2371027016266
645000.0,65.28678188832818
646000.0,65.32950815211015
647000.0,65.33954007011255
648000.0,65.32079783668755
649000.0,65.27771285941071
650000.0,65.26878354664711
652000.0,65.30583993289676
653000.0,65.32094805042658
655000.0,65.29328015063884
656000.0,65.28443742655391
657000.0,65.33241446889825
659000.0,65.40774013644746
660000.0,65.38439118781788
662000.0,65.35047724640822
663000.0,65.39172279414755
664000.0,65.42695354441364
667000.0,65.36030249301645
668000.0,65.31847114579833
669000.0,65.3104173717099
670000.0,65.35921287673803
671000.0,65.40087218191569
673000.0,65.36488263673502
674000.0,65.32445912369009
675000.0,65.31788213856498
676000.0,65.36778733890642
677000.0,65.41044006639244
679000.0,65.37565783924057
681000.0,65.4094140279822
682000.0,65.47632312008741
683000.0,65.50645740430589
684000.0,65.50591870336063
686000.0,65.4522707086737
687000.0,65.43266266487635
688000.0,65.47133158245015
689000.0,65.5041228634447
690000.0,65.50575717759533
691000.0,65.47923945271029
692000.0,65.42942598484025
693000.0,65.41467737418716
695000.0,65.49600019704789
697000.0,65.55373210471947
698000.0,65.52310589253601
699000.0,65.46966330435129
700000.0,65.45174047420255
701000.0,65.4914809462737
702000.0,65.52550645896956
703000.0,65.52784358511842
704000.0,65.50235244156814
705000.0,65.45337609016855
706000.0,65.43921184761871
707000.0,65.48243606115528
708000.0,65.54739257818726
709000.0,65.57591130447616
710000.0,65.54562148628014
711000.0,65.49253046761613
712000.0,65.47495932057107
713000.0,65.51507812925928
714000.0,65.57737127547658
715000.0,65.60356344155622
716000.0,65.57139170604114
717000.0,65.51661540171332
718000.0,65.49750358907924
719000.0,65.53627348127982
721000.0,65.65075767966987
722000.0,65.66928694016569
723000.0,65.63029823351619
724000.0,65.56989963494038
725000.0,65.54564421139862
726000.0,65.58013718988418
727000.0,65.60927702797338
728000.0,65.60766422869136
729000.0,65.57844274061166
730000.0,65.52615696703496
731000.0,65.50914984593301
732000.0,65.54991185928199
733000.0,65.61258503743944
734000.0,65.63941999317942
735000.0,65.63561894071798
736000.0,65.60444276992035
737000.0,65.57866131345253
738000.0,65.61169445518402
739000.0,65.6677282903527
740000.0,65.68849694446641
741000.0,65.67976226465657
742000.0,65.64426135114856
743000.0,65.58661403878412
745000.0,65.54753675282737
746000.0,65.58629973227663
747000.0,65.61925218823338
748000.0,65.62117365658048
749000.0,65.59482362207282
750000.0,65.54508073852737
751000.0,65.53033478574594
753000.0,65.6113613846605
754000.0,65.64268673194704
755000.0,65.61480001175232
756000.0,65.56391803518878
757000.0,65.54806487437996
758000.0,65.5896463790475
759000.0,65.6529641439675
760000.0,65.68023188112979
761000.0,65.6769782928295
762000.0,65.64633812868499
763000.0,65.62097716910331
764000.0,65.65435867871494
765000.0,65.71067324027054
766000.0,65.73162964897277
767000.0,65.72303726694645
769000.0,65.65581083613606
770000.0,65.63071014038587
771000.0,65.66442222962712
772000.0,65.72092041502239
773000.0,65.74209917165743
774000.0,65.70564288625675
775000.0,65.6469817213729
776000.0,65.62428653001783
777000.0,65.65989444607902
779000.0,65.7692262272861
780000.0,65.78542421568743
781000.0,65.74439967655853
783000.0,65.68205816680039
784000.0,65.71149198631366
786000.0,65.75676107830719
789000.0,65.73688912291368
790000.0,65.76051841955392
791000.0,65.80826642147088
793000.0,65.83235505218214
794000.0,65.78800116575005
795000.0,65.7507219608922
796000.0,65.77366569113863
799000.0,65.8202870596881
800000.0,65.77870155576656
802000.0,65.71469931485828
804000.0,65.77033715171127
805000.0,65.8194662957741
806000.0,65.83411776976874
807000.0,65.79193738124128
808000.0,65.72823697745028
809000.0,65.70131226809218
810000.0,65.73322876388559
811000.0,65.78820024621353
812000.0,65.80804640562914
814000.0,65.73620861361435
816000.0,65.74128328862689
817000.0,65.79630120309325
818000.0,65.81612276384989
820000.0,65.74399342899261
821000.0,65.68885963589167
822000.0,65.66922229664185
823000.0,65.70760535932628
825000.0,65.76667884423559
826000.0,65.73635627669607
827000.0,65.68304742880241
828000.0,65.66516046574475
829000.0,65.70464673349538
831000.0,65.82042270082906
832000.0,65.83925033456856
833000.0,65.82866997504559
835000.0,65.8125016369768
836000.0,65.83418019991439
837000.0,65.88011799476602
838000.0,65.8924192452131
839000.0,65.87585227365688
840000.0,65.83354235728463
841000.0,65.76981702280023
842000.0,65.74265035554963
844000.0,65.80358232692289
845000.0,65.82657260322908
846000.0,65.79149119534699
847000.0,65.73409355259022
849000.0,65.74911011529467
850000.0,65.80822385619012
851000.0,65.83152554087562
852000.0,65.82487411123957
855000.0,65.81042993562679
856000.0,65.83521046607605
857000.0,65.8840503004751
858000.0,65.89864719426046
860000.0,65.81795423206496
862000.0,65.76219592164139
863000.0,65.79422354786355
864000.0,65.82124109443606
865000.0,65.81758531436492
866000.0,65.78655321525808
867000.0,65.73255695390002
868000.0,65.71392353295334
869000.0,65.75311750268757
870000.0,65.81440705657147
871000.0,65.83952301159206
872000.0,65.80655486985862
873000.0,65.75075824264317
874000.0,65.73047829254604
875000.0,65.76821143479212
876000.0,65.82823730929775
877000.0,65.85244318720048
878000.0,65.84635717969866
879000.0,65.81312409839755
880000.0,65.75728853637965
881000.0,65.76526807029177
882000.0,65.82641648832829
885000.0,65.88894799973403
886000.0,65.85095907312248
887000.0,65.79100173785123
888000.0,65.76715699963013
889000.0,65.80184640389199
890000.0,65.85915073241391
891000.0,65.88106424705452
893000.0,65.8121418070864
894000.0,65.78624382664628
895000.0,65.81919485166586
896000.0,65.87499989913613
897000.0,65.89554533755592
898000.0,65.88620283121388
899000.0,65.8501158509981
900000.0,65.79172994444434
901000.0,65.76933582078226
902000.0,65.80515376448706
903000.0,65.83528616072373
905000.0,65.83404334066344
906000.0,65.80546474514482
907000.0,65.75358100064174
909000.0,65.77760735604215
910000.0,65.84021303018751
911000.0,65.8666293596761
912000.0,65.83435151953402
913000.0,65.77940353019572
914000.0,65.75995347194204
915000.0,65.79825363002868
916000.0,65.85886766643493
917000.0,65.88360723283942
918000.0,65.87789754687694
919000.0,65.84495306002684
920000.0,65.7892570699573
921000.0,65.79743760963775
922000.0,65.85869376866603
924000.0,65.90448762888153
925000.0,65.8688528360497
926000.0,65.81080227815552
927000.0,65.78841757058406
928000.0,65.82416815256849
929000.0,65.8545635736063
931000.0,65.85337035691754
933000.0,65.79890517322612
934000.0,65.77873261803586
935000.0,65.81662170790096
936000.0,65.87672669805664
937000.0,65.90092373817212
938000.0,65.89491025069492
939000.0,65.86171961125025
941000.0,65.86521879753367
942000.0,65.91977765848203
943000.0,65.93898613381312
944000.0,65.92862931127048
945000.0,65.89154671178466
946000.0,65.83217172945336
947000.0,65.80872836308319
949000.0,65.8219220620676
950000.0,65.82723998015737
951000.0,65.80373069405637
953000.0,65.76951602114326
954000.0,65.81030782475197
957000.0,65.89748284380705
958000.0,65.89360396634548
959000.0,65.86223114813703
960000.0,65.80787719609997
961000.0,65.78898525163629
962000.0,65.82782267632597
963000.0,65.86046431368761
965000.0,65.80943085453471
966000.0,65.76247161676838
967000.0,65.74980180013995
969000.0,65.78021669626308
970000.0,65.7926078996296
971000.0,65.77525162386807
972000.0,65.7331751916669
973000.0,65.7248344578902
974000.0,65.77283653417179
975000.0,65.84193935276886
976000.0,65.87394919998498
977000.0,65.87451486743458
978000.0,65.87515699410251
979000.0,65.8757908382696
984000.0,65.87885633044107
985000.0,65.87945217499346
986000.0,65.88004313760698
987000.0,65.88062958669268
988000.0,65.88121189066169
989000.0,65.88179041792509
990000.0,65.88235470437071
991000.0,65.85467285654629
992000.0,65.80367499777059
993000.0,65.78758210001763
994000.0,65.82892754897375
995000.0,65.86371051445568
996000.0,65.86702117459426
997000.0,65.84187299664366
998000.0,65.79294998639946
999000.0,65.77868051408684
1000000.0,65.82163994055588
1001000.0,65.88604018363134
1002000.0,65.91384438166833
1003000.0,65.91110378771235
1004000.0,65.88070464397696
1005000.0,65.85536068198127
1006000.0,65.88872024933724
1007000.0,65.9448351109515
1010000.0,65.99553801137861
1011000.0,65.95459466556953
1013000.0,65.94551001141215
1015000.0,65.98340793900864
1016000.0,65.97239550524203
1017000.0,65.9347046754604
1018000.0,65.87495764009
1019000.0,65.85136887501523
1020000.0,65.885949041529
1022000.0,65.93902752159087
1023000.0,65.90615581223202
1024000.0,65.85053119508308
1026000.0,65.86821232348477
1027000.0,65.92828817863281
1028000.0,65.95245569823999
1029000.0,65.94622992785098
1030000.0,65.91280764334833
1031000.0,65.85670674156091
1033000.0,65.81989521666746
1034000.0,65.85960279241604
1035000.0,65.89303259711699
1036000.0,65.89501427386806
1037000.0,65.86856251700624
1038000.0,65.8185986624419
1039000.0,65.80348001843811
1040000.0,65.84564262449935
1041000.0,65.90934302246691
1042000.0,65.93664596135588
1044000.0,65.87656414561867
1045000.0,65.85422133964765
1046000.0,65.88995481559738
1048000.0,65.94495814089464
1049000.0,65.94073975625315
1050000.0,65.90932564276943
1052000.0,65.91553188672
1053000.0,65.97095839422661
1054000.0,65.99088370118572
1055000.0,65.98115954188835
1056000.0,65.94462682371581
1057000.0,65.88572072909861
1058000.0,65.86276955086099
1059000.0,65.8980611903783
1060000.0,65.95607988861157
1062000.0,65.99653993454088
1065000.0,65.97045857311036
1067000.0,66.01236154905692
1068000.0,66.0275965371912
1069000.0,66.01388708489469
1071000.0,65.93778108662198
1072000.0,65.9088179462645
1073000.0,65.93898964049768
1074000.0,65.9923758191418
1075000.0,66.01067386921622
1076000.0,65.99950135039225
1077000.0,65.961784467178
1078000.0,65.93013377040003
1079000.0,65.9578094172697
1080000.0,66.00927654398134
1082000.0,66.03860607030187
1083000.0,65.99597840698694
1084000.0,65.9319424316448
1085000.0,65.9327752000646
1086000.0,65.98757074313946
1088000.0,66.02287092777286
1089000.0,66.0107786964155
1090000.0,65.97224918803646
1091000.0,65.91166234144092
1092000.0,65.88722115645531
1093000.0,65.9212964764613
1094000.0,65.9779433805299
1096000.0,66.01611647079548
1097000.0,65.97703514047402
1098000.0,65.91608925612493
1099000.0,65.91969960674678
1101000.0,66.02666980220874
1102000.0,66.041780871803
1103000.0,65.9996422938577
1104000.0,65.9360944638292
1105000.0,65.90910740713352
1106000.0,65.940925424809
1107000.0,65.99560448346867
1108000.0,66.01498716486107
1109000.0,66.00479980049082
1110000.0,65.96792222759773
1112000.0,65.85726050147238
1113000.0,65.84074259567508
1114000.0,65.88169759579498
1115000.0,65.94443505032153
1117000.0,65.93863592430095
1118000.0,65.88355021673142
1120000.0,65.90205832926891
1121000.0,65.96240010147841
1122000.0,65.9868299670746
1123000.0,65.98086852658112
1124000.0,65.94760724871222
1125000.0,65.89146677099808
1126000.0,65.81463567202778
