339000.0,51.15732898455806
340000.0,51.20080989443509
341000.0,51.246080545486855
342000.0,51.3006528113302
343000.0,51.363197392775476
344000.0,51.4323867473447
345000.0,51.499656702064954
346000.0,51.58963891992544
347000.0,51.730013084302136
348000.0,51.91354862767908
349000.0,52.13414264822464
350000.0,52.41871998886586
351000.0,52.7890831990557
352000.0,53.2328513865989
353000.0,53.77178249308375
354000.0,54.3911046660489
355000.0,55.08012683723216
356000.0,55.82749422941432
357000.0,56.626418495795214
358000.0,57.500316617222246
359000.0,58.406041241574634
360000.0,59.340473985289286
361000.0,60.265475619037666
363000.0,61.66847853983191
364000.0,62.12998550080104
366000.0,62.89990302182992
367000.0,63.274075444988185
368000.0,63.64211916526521
369000.0,63.94867579692061
370000.0,64.14827708063689
371000.0,64.2566288238556
372000.0,64.33478227549757
373000.0,64.4347391259395
374000.0,64.60133546646564
375000.0,64.77435017513777
376000.0,64.89206173817378
377000.0,64.92894110471899
378000.0,64.8992115083605
379000.0,64.90709815613926
380000.0,64.95674638990239
381000.0,65.02111835722067
382000.0,65.09789321747998
383000.0,65.14257130014546
384000.0,65.11834542534231
385000.0,65.0675290355509
386000.0,65.08980780820676
387000.0,65.2041881866929
388000.0,65.30116685104464
389000.0,65.32148812379788
390000.0,65.27666856772608
391000.0,65.22420031426533
392000.0,65.21225547593558
393000.0,65.28300578987394
394000.0,65.40618438464823
395000.0,65.49621533326375
396000.0,65.54234056886506
397000.0,65.53467182534358
398000.0,65.46560695444755
399000.0,65.40902829596877
400000.0,65.42485427169561
401000.0,65.50256930330853
402000.0,65.56847556373016
403000.0,65.56208001579125
404000.0,65.49420500864805
405000.0,65.40607735590162
406000.0,65.36399699026683
407000.0,65.42468331316853
408000.0,65.50678218502426
409000.0,65.53043688917808
410000.0,65.51985826834795
411000.0,65.47991622113378
412000.0,65.41609135825996
413000.0,65.41056141559571
414000.0,65.50140342197938
415000.0,65.57804823247642
416000.0,65.58084682942211
417000.0,65.55315505517017
418000.0,65.53027517457757
419000.0,65.51166957388074
420000.0,65.56132568549651
421000.0,65.66613042845226
422000.0,65.72435550191368
423000.0,65.71151718268291
424000.0,65.63788766588893
425000.0,65.51271125328218
427000.0,65.19600016649757
428000.0,65.04222813786942
429000.0,64.87923426748662
430000.0,64.69304287073082
431000.0,64.50279663628459
432000.0,64.29294855598101
433000.0,64.08296129292665
434000.0,63.87168875521902
435000.0,63.66067185159509
436000.0,63.480781767544414
437000.0,63.327123788806404
438000.0,63.16436801534895
439000.0,62.99454421074421
440000.0,62.850214643744316
441000.0,62.74328660057712
442000.0,62.6841161441029
443000.0,62.64947739075851
444000.0,62.62040452484477
445000.0,62.628433500846306
446000.0,62.66689826659536
447000.0,62.700322380452796
448000.0,62.76183234498906
449000.0,62.8459766095875
452000.0,63.123540078938035
454000.0,63.36688348652141
455000.0,63.52597027762197
456000.0,63.693644326715926
458000.0,63.899496077342675
459000.0,63.95136794823733
460000.0,63.996410858659196
461000.0,64.06793745091841
463000.0,64.17874157794127
464000.0,64.19300433865592
465000.0,64.20610943629913
466000.0,64.2498587175263
467000.0,64.31924580251815
468000.0,64.37890805605639
469000.0,64.39827464119813
470000.0,64.38442266201791
471000.0,64.37324015319004
472000.0,64.39672666653361
473000.0,64.44839971042789
475000.0,64.47024122255893
476000.0,64.44964071818829
478000.0,64.48018436914398
479000.0,64.52317528113606
480000.0,64.5605293042239
483000.0,64.5578765568673
484000.0,64.5613424640428
485000.0,64.5958529184751
486000.0,64.59374147770836
487000.0,64.56135101025176
488000.0,64.53432834157366
489000.0,64.54428916089718
490000.0,64.58429283470372
491000.0,64.61904891574454
492000.0,64.61677711121926
493000.0,64.58475782407022
494000.0,64.59013509687024
495000.0,64.62637211369861
496000.0,64.65780659332125
497000.0,64.65279863659633
498000.0,64.61795841937293
499000.0,64.58911522585704
500000.0,64.59703962343889
501000.0,64.6354856543092
502000.0,64.66880564583899
504000.0,64.6617953980569
505000.0,64.62966486626183
506000.0,64.63511915727278
507000.0,64.67120389191271
508000.0,64.70259192084909
509000.0,64.69752968653957
510000.0,64.66270681701735
511000.0,64.63377878190177
512000.0,64.64162060329129
513000.0,64.67988865886527
514000.0,64.71313824174642
516000.0,64.7054803378303
517000.0,64.7055869011534
520000.0,64.78859289325987
521000.0,64.77723917341143
522000.0,64.73707735785146
523000.0,64.73569803501663
524000.0,64.7659653761414
525000.0,64.79235588152267
526000.0,64.78287461626307
527000.0,64.74435222451521
529000.0,64.68486335839354
530000.0,64.69466912907251
531000.0,64.7344038441625
532000.0,64.76878560593155
533000.0,64.766153703143
534000.0,64.7335046137785
535000.0,64.73843676756844
536000.0,64.77420510061216
537000.0,64.80527003652793
538000.0,64.83229109667089
539000.0,64.82353387347065
540000.0,64.78553845798419
541000.0,64.78595923077981
542000.0,64.85021801074525
543000.0,64.90399487245114
544000.0,64.88705200789352
545000.0,64.84223768397891
546000.0,64.83665987217725
547000.0,64.86350364314364
548000.0,64.8868208176698
549000.0,64.90662708058541
550000.0,64.8920989367192
551000.0,64.84926308638447
552000.0,64.84559726401721
553000.0,64.90635015253162
554000.0,64.95724344822972
556000.0,64.91988120691236
557000.0,64.8758282681965
559000.0,64.86905739025217
560000.0,64.92904131088449
561000.0,64.98000822934219
562000.0,64.99259322975273
563000.0,64.97174387286793
564000.0,64.92335391056247
565000.0,64.91477624775898
566000.0,64.97108391826866
567000.0,65.01824221937494
568000.0,64.99562451370159
569000.0,64.94586089539753
570000.0,64.93625603293641
571000.0,64.99190104704427
572000.0,65.03840390562503
573000.0,65.04741479467882
574000.0,65.02332750602932
575000.0,64.97221545371858
576000.0,64.96132246335895
577000.0,65.01589983015795
578000.0,65.0613949597997
579000.0,65.06974179137201
580000.0,65.04482129126205
581000.0,64.99300473329993
583000.0,64.97401296109737
584000.0,65.02948510228883
585000.0,65.07616620546153
586000.0,65.08527687986933
587000.0,65.06108320772282
588000.0,65.0097944059201
591000.0,64.98704840921141
592000.0,65.01178336838021
593000.0,65.0006766523107
594000.0,64.96064444319858
595000.0,64.95928844999209
596000.0,65.02160668796945
597000.0,65.07427192851385
598000.0,65.05607757493271
599000.0,65.01025685836515
600000.0,65.00369699539486
601000.0,65.06162716709846
602000.0,65.11050691871452
603000.0,65.12118819343422
604000.0,65.09858015957333
605000.0,65.04854187492542
607000.0,65.0323993351565
608000.0,65.08911158703086
609000.0,65.16888623495582
610000.0,65.20501038588347
611000.0,65.17294069606365
612000.0,65.11469292380734
613000.0,65.09789954773012
615000.0,65.19176008658431
616000.0,65.22686139143694
617000.0,65.19402046429437
619000.0,65.14717720607132
621000.0,65.17008135631303
622000.0,65.17962539071665
623000.0,65.15566386572259
624000.0,65.10494973732294
625000.0,65.09415170288881
626000.0,65.14872341934523
627000.0,65.19418885900687
628000.0,65.20235797257794
629000.0,65.17731039859093
630000.0,65.12524669211243
633000.0,65.18856990883617
634000.0,65.23070122736013
637000.0,65.15742199133985
638000.0,65.14371148835227
640000.0,65.18010053074573
641000.0,65.19434916722994
642000.0,65.17493375383798
643000.0,65.12784909027225
644000.0,65.12042655781762
645000.0,65.17771368369885
646000.0,65.22553624680909
647000.0,65.23570326830614
648000.0,65.21232243840205
649000.0,65.1618006158258
650000.0,65.15132009038025
652000.0,65.19326143971894
653000.0,65.20984818855587
655000.0,65.17629382030256
656000.0,65.16575964621846
657000.0,65.22008351962484
659000.0,65.30344246929404
660000.0,65.27451282751886
662000.0,65.23355596356281
663000.0,65.28029374917598
664000.0,65.31933922879355
667000.0,65.23859706554309
668000.0,65.19066688089013
669000.0,65.18220059982595
670000.0,65.23867069381978
671000.0,65.28563097037964
673000.0,65.2422164089666
674000.0,65.19536062417211
675000.0,65.18807164160368
676000.0,65.24541679315607
677000.0,65.29334533200445
679000.0,65.25101760800517
681000.0,65.28879496469315
682000.0,65.36450996218262
683000.0,65.39710309099272
684000.0,65.39413293552812
686000.0,65.32889909760337
687000.0,65.30583203858296
688000.0,65.34991846107107
689000.0,65.38640684614084
690000.0,65.38685820146348
691000.0,65.35514093487164
692000.0,65.2973883324779
693000.0,65.28064160203567
695000.0,65.37439596063305
697000.0,65.4379249917047
698000.0,65.40080410491925
699000.0,65.3383591290495
700000.0,65.31782836119702
701000.0,65.36397856153371
702000.0,65.40221695045577
703000.0,65.4039872215503
704000.0,65.37351983114326
705000.0,65.31683094061671
706000.0,65.30111678435351
707000.0,65.35128766567514
708000.0,65.42534110825916
709000.0,65.45650464080754
710000.0,65.42013365339675
711000.0,65.35825528171078
712000.0,65.33823229536851
713000.0,65.38470771131931
714000.0,65.45558844588065
715000.0,65.48404632564005
716000.0,65.44539939348063
717000.0,65.38173231166125
718000.0,65.35980944714653
719000.0,65.40471366766415
721000.0,65.53414842619308
722000.0,65.553060591917
723000.0,65.50625542960593
724000.0,65.43556716614472
725000.0,65.40775214892007
726000.0,65.44740376032836
727000.0,65.48046152194979
728000.0,65.47788507803816
729000.0,65.44355754734542
730000.0,65.38331350903961
731000.0,65.36456744139049
732000.0,65.41233988091027
733000.0,65.48434021734887
734000.0,65.5137798737885
735000.0,65.50812815077899
736000.0,65.47108795692746
737000.0,65.44125138237847
738000.0,65.47923400056604
739000.0,65.54296572619478
740000.0,65.56552447847157
741000.0,65.55393130624182
742000.0,65.51184861082979
743000.0,65.4450925699687
745000.0,65.4019402134947
746000.0,65.44789583203827
747000.0,65.48579019181429
748000.0,65.48736653697277
749000.0,65.45655660145522
750000.0,65.39969662166155
751000.0,65.38359696259367
753000.0,65.47815446839941
754000.0,65.51333122587619
755000.0,65.4804331540399
756000.0,65.42141440181176
757000.0,65.4036727633785
758000.0,65.45217903778465
759000.0,65.52494513606236
760000.0,65.55474486480581
761000.0,65.5495074844721
762000.0,65.51287159913068
763000.0,65.48325218107527
764000.0,65.5215790279512
765000.0,65.58547842202408
766000.0,65.60800357085556
767000.0,65.59645210033274
769000.0,65.51711577114418
770000.0,65.48850640940205
771000.0,65.52726245628497
772000.0,65.59197063169206
773000.0,65.61513625275502
774000.0,65.5717579914437
775000.0,65.50394718939803
776000.0,65.47857676108185
777000.0,65.52043007012328
779000.0,65.64506346907613
780000.0,65.6620543566717
781000.0,65.61348058720345
783000.0,65.54125545755619
784000.0,65.57533127377818
786000.0,65.6264661282459
789000.0,65.60201054832395
790000.0,65.62893517843844
791000.0,65.6831415271354
793000.0,65.70781667574965
794000.0,65.65533153454152
795000.0,65.61227114311836
796000.0,65.63903001160962
799000.0,65.69112865288805
800000.0,65.6424273215369
802000.0,65.57013650616236
804000.0,65.63572159480466
805000.0,65.69182014248491
806000.0,65.70761941101063
807000.0,65.65814896335955
808000.0,65.58495460986646
809000.0,65.55499570817497
810000.0,65.59286107974415
811000.0,65.6564372175328
812000.0,65.67861388115941
814000.0,65.59525470310984
816000.0,65.60267132637581
817000.0,65.66598185556813
818000.0,65.68806062386287
820000.0,65.60420739257052
821000.0,65.5413287892406
822000.0,65.52028353830471
823000.0,65.56567369645158
825000.0,65.63404895120392
826000.0,65.599087362141
827000.0,65.53807697825113
828000.0,65.51862334726651
829000.0,65.56549408112228
831000.0,65.6978025108913
832000.0,65.71806198714799
833000.0,65.70426843139336
835000.0,65.68306697285455
836000.0,65.70732612135784
837000.0,65.75939792507968
838000.0,65.77182071835067
839000.0,65.75145167259106
840000.0,65.70181363541266
841000.0,65.62848686275976
842000.0,65.59833777881113
844000.0,65.67053717482945
845000.0,65.6969092683758
846000.0,65.65671707106759
847000.0,65.59088790164908
849000.0,65.61073523162472
850000.0,65.67897823878907
851000.0,65.70507459249328
852000.0,65.69666144433461
855000.0,65.67902139267828
856000.0,65.70760989387043
857000.0,65.7631988263061
858000.0,65.77839364764847
860000.0,65.68383509579385
862000.0,65.62112149984537
863000.0,65.65930632253593
864000.0,65.69055983077068
865000.0,65.6864153658991
866000.0,65.65070483027715
867000.0,65.58926556161822
868000.0,65.56936301872294
869000.0,65.61601533301071
870000.0,65.68701875376526
871000.0,65.71529047079935
872000.0,65.67621725306795
873000.0,65.61209569534893
874000.0,65.58979869880292
875000.0,65.63414552817126
876000.0,65.70318745743774
877000.0,65.73023312401729
878000.0,65.7223851536839
879000.0,65.68341388985797
880000.0,65.61930806929541
881000.0,65.62960961039595
882000.0,65.70054232625857
885000.0,65.76969371013939
886000.0,65.72500926825177
887000.0,65.65604609936626
888000.0,65.62971173412043
889000.0,65.67065946945759
890000.0,65.73704762622376
891000.0,65.76132869160014
893000.0,65.68104297118282
894000.0,65.6520175556347
895000.0,65.69070583889217
896000.0,65.75480456179585
897000.0,65.77733616294452
898000.0,65.76584339891248
899000.0,65.72375428561115
900000.0,65.65676132236186
901000.0,65.6322418527479
902000.0,65.6745891270174
903000.0,65.70983578270133
905000.0,65.70841449273898
906000.0,65.67556042756596
907000.0,65.61689655610657
909000.0,65.6473813827869
910000.0,65.7198973572536
911000.0,65.74959480169026
912000.0,65.71157927949356
913000.0,65.64830932804446
914000.0,65.62689410389898
915000.0,65.67210191517749
916000.0,65.74150175573763
917000.0,65.76877125458361
918000.0,65.76133056073785
919000.0,65.72271130951498
920000.0,65.65900606046682
921000.0,65.66926818167242
922000.0,65.74026037612953
924000.0,65.79123069998408
925000.0,65.74901690124615
926000.0,65.6821627922419
927000.0,65.65760642302673
928000.0,65.70016941156872
929000.0,65.73535496660905
931000.0,65.73356432567968
933000.0,65.67130948342083
934000.0,65.64919160282751
935000.0,65.69385287252135
936000.0,65.76316621391055
937000.0,65.79010904684607
938000.0,65.78217259209381
939000.0,65.74311872535182
941000.0,65.74778926035236
942000.0,65.80993071231134
943000.0,65.83084958594233
944000.0,65.8178081842967
945000.0,65.77434952391542
946000.0,65.7063576785875
947000.0,65.68077883228628
949000.0,65.69803985109048
950000.0,65.70496069695126
951000.0,65.6785213940919
953000.0,65.64161408271751
954000.0,65.68958154627214
957000.0,65.7884977279526
958000.0,65.78324467258203
959000.0,65.74655349805653
960000.0,65.6842325985721
961000.0,65.66358481827396
962000.0,65.70926661194588
963000.0,65.74720123642557
965000.0,65.6881118888197
966000.0,65.63491865742321
967000.0,65.62188492857874
969000.0,65.65933509848199
970000.0,65.67422515398945
971000.0,65.65470702951143
972000.0,65.60716722673635
973000.0,65.59904081151794
974000.0,65.655612536271
975000.0,65.73494552501937
976000.0,65.77054452727647
977000.0,65.76993549062716
978000.0,65.7372231289956
979000.0,65.71088964217438
984000.0,65.7436844451624
985000.0,65.7156127711124
986000.0,65.66066530072214
987000.0,65.64633562850321
988000.0,65.69760001856359
989000.0,65.74003093353645
990000.0,65.74521258187431
991000.0,65.71749732038698
992000.0,65.6629580769583
993000.0,65.64891665494757
994000.0,65.70043993801269
995000.0,65.74305480983696
996000.0,65.7485969797682
997000.0,65.72089822210376
998000.0,65.66643954320148
999000.0,65.65253237453118
1000000.0,65.70407867685068
1001000.0,65.77915944983548
1002000.0,65.81105869988438
1003000.0,65.8074896083582
1004000.0,65.7722039104466
1005000.0,65.74340656181671
1006000.0,65.78222094177688
1007000.0,65.84673370214144
1010000.0,65.90129220869733
1011000.0,65.8531086522613
1013000.0,65.84285056662338
1015000.0,65.88569018060872
1016000.0,65.87258853132334
1017000.0,65.82919155369964
1018000.0,65.76139409299864
1019000.0,65.73573943780917
1020000.0,65.77738104940973
1022000.0,65.8388786759358
1023000.0,65.80100391963786
1024000.0,65.73744794777873
1026000.0,65.76070832036426
1027000.0,65.83019693880621
1028000.0,65.85727650891457
1029000.0,65.84961545542382
1030000.0,65.81075685651007
1031000.0,65.74647430678151
1033000.0,65.70699072509244
1034000.0,65.7537482098731
1035000.0,65.79258670895535
1036000.0,65.79480978941629
1037000.0,65.76443028510289
1038000.0,65.707949394379
1039000.0,65.6919402574373
1040000.0,65.74157737224047
1041000.0,65.8149977819777
1042000.0,65.84567033052564
1044000.0,65.77547190566897
1045000.0,65.75028908442414
1046000.0,65.79220485596434
1048000.0,65.85442307769316
1049000.0,65.84894339371203
1050000.0,65.81181296409193
1052000.0,65.8194311505718
1053000.0,65.8828449222734
1054000.0,65.90466311014022
1055000.0,65.89248126718853
1056000.0,65.84975361659191
1057000.0,65.78215916405514
1058000.0,65.75706957090985
1059000.0,65.7990078383676
1060000.0,65.8659878713696
1062000.0,65.91067259138507
1065000.0,65.87927031220657
1067000.0,65.92692840360932
1068000.0,65.94368938968954
1069000.0,65.92714195108638
1071000.0,65.83937501052733
1072000.0,65.80716332528405
1073000.0,65.84325388126213
1074000.0,65.9048668610892
1075000.0,65.92549992733746
1076000.0,65.91201671586056
1077000.0,65.86827599028688
1078000.0,65.83245068090758
1079000.0,65.86530511234766
1080000.0,65.92444004999301
1082000.0,65.95655993229599
1083000.0,65.90682498096687
1084000.0,65.83344981741934
1085000.0,65.83585062200459
1086000.0,65.89968883990878
1088000.0,65.93963777389772
1089000.0,65.92530677114122
1090000.0,65.88076923267771
1091000.0,65.81179013236816
1092000.0,65.78526573433751
1093000.0,65.82616637271398
1094000.0,65.89217364054957
1096000.0,65.93499138170398
1097000.0,65.88963861213325
1098000.0,65.8198584375094
1099000.0,65.8253350876584
1101000.0,65.94860890299498
1102000.0,65.96493596458457
1103000.0,65.91551640645211
1104000.0,65.84249532263777
1105000.0,65.81233664120437
1106000.0,65.85015826337543
1107000.0,65.91367499018378
1108000.0,65.93584793406774
1109000.0,65.92368921522817
1110000.0,65.88092442002736
1112000.0,65.75579103761005
1113000.0,65.73900292025682
1114000.0,65.78819695620196
1115000.0,65.86101664425016
1117000.0,65.85362803037152
1118000.0,65.79045634272522
1120000.0,65.81426166199154
1121000.0,65.88412900973553
1122000.0,65.91118348787613
1123000.0,65.90348240363548
1124000.0,65.86447695656346
1125000.0,65.80017797812569
1126000.0,65.71280695829036
