339000.0,51.157336092726865
340000.0,51.20085055363579
341000.0,51.246197536831204
342000.0,51.30089122175189
343000.0,51.363608012324995
344000.0,51.43307824602104
345000.0,51.500428575869556
346000.0,51.59062645437804
347000.0,51.73148203960806
348000.0,51.91563466187914
349000.0,52.13688079900672
350000.0,52.42243812867446
351000.0,52.794097694558495
352000.0,53.23974750354331
353000.0,53.780784944039105
354000.0,54.40235530891288
355000.0,55.09431400466268
356000.0,55.84518425293446
357000.0,56.64812131664345
358000.0,57.52657465263208
359000.0,58.43765223112802
360000.0,59.37775010947873
361000.0,60.30894664661854
363000.0,61.7259465058355
364000.0,62.19531637093548
366000.0,62.97949697740339
367000.0,63.360864267794206
368000.0,63.735913358548274
369000.0,64.04982302219359
370000.0,64.25660141600538
371000.0,64.37202493415865
372000.0,64.45745712383973
373000.0,64.56406110428189
374000.0,64.73732019980508
375000.0,64.91685418360328
376000.0,65.041108739755
377000.0,65.08403972175174
378000.0,65.06057223497785
379000.0,65.074663592767
380000.0,65.13011075476643
381000.0,65.20030025092332
382000.0,65.28283127686521
383000.0,65.33313538993643
384000.0,65.31430055099197
385000.0,65.26885041071219
386000.0,65.29642872940612
387000.0,65.41609155703082
388000.0,65.51862420127108
389000.0,65.54435284241056
390000.0,65.50445078091089
391000.0,65.45714719572278
392000.0,65.44991755591118
393000.0,65.52569836518636
394000.0,65.65400771930453
395000.0,65.74906168181096
396000.0,65.80008611910816
397000.0,65.79750759798418
398000.0,65.73323060363636
399000.0,65.68114537742761
400000.0,65.70153761803643
401000.0,65.78318609672766
402000.0,65.8537182083451
403000.0,65.85190337337232
404000.0,65.78845873545062
405000.0,65.70464610743917
406000.0,65.66672870537057
407000.0,65.7313393630793
408000.0,65.81781501434077
409000.0,65.84571274815616
410000.0,65.83919534335574
411000.0,65.80323147103522
412000.0,65.74202490948932
413000.0,65.74041317334141
414000.0,65.83488074655607
415000.0,65.91538999598887
416000.0,65.92214949612338
417000.0,65.89821930364374
418000.0,65.87909410782504
419000.0,65.86400473361607
420000.0,65.91730007498745
421000.0,66.02609626434612
422000.0,66.08797332563411
423000.0,66.07872981403405
424000.0,66.00856643922971
425000.0,65.8866046946656
427000.0,65.57613142783536
428000.0,65.42480593110919
429000.0,65.26429725688284
430000.0,65.08055947293934
431000.0,64.89252584361459
432000.0,64.68450494648573
433000.0,64.4762396921934
434000.0,64.26674464458463
435000.0,64.05716555403343
436000.0,63.87865481514571
437000.0,63.726647721077406
438000.0,63.564862909151735
439000.0,63.396143233025796
440000.0,63.2524169389724
441000.0,63.146362961674136
442000.0,63.08787332789096
443000.0,63.05411804795143
444000.0,63.02612156703867
445000.0,63.035025452460616
446000.0,63.0744887015245
447000.0,63.108832127238415
448000.0,63.17139153156069
449000.0,63.256786968298606
452000.0,63.53790231490304
454000.0,63.78372834542003
455000.0,63.94443541142581
456000.0,64.11374438595847
458000.0,64.32311795203856
459000.0,64.37666026681
460000.0,64.42348330463261
461000.0,64.496505525909
463000.0,64.61067542558982
464000.0,64.62679467640389
465000.0,64.64167815022896
466000.0,64.68737747735685
467000.0,64.75839663088608
468000.0,64.81955002520814
469000.0,64.84058144061235
470000.0,64.82824197221477
471000.0,64.81844930589396
472000.0,64.84323871946154
473000.0,64.89629609386672
475000.0,64.92085736516711
476000.0,64.90151616570228
478000.0,64.93456893996441
479000.0,64.97892503315839
480000.0,65.01741853400527
483000.0,65.01903789494068
484000.0,65.02379314722741
485000.0,65.05957875104646
486000.0,65.05850906242394
487000.0,65.02720351621917
488000.0,65.00116395574744
489000.0,65.01205421992192
490000.0,65.05299886302915
491000.0,65.08853314864129
492000.0,65.08725348701317
493000.0,65.05595460046403
494000.0,65.06221244239693
495000.0,65.09931543166387
496000.0,65.13169015759519
497000.0,65.12750724853565
498000.0,65.09365241659471
499000.0,65.06555446134165
500000.0,65.07438279793351
501000.0,65.11358821340879
502000.0,65.14757919050034
504000.0,65.141869609218
505000.0,65.11036203701853
506000.0,65.11652555056826
507000.0,65.15334693661627
508000.0,65.18548301823297
509000.0,65.18112669871498
510000.0,65.14698069829214
511000.0,65.11863639396849
512000.0,65.127173768377
513000.0,65.16615570082604
514000.0,65.19985632228625
516000.0,65.19353511883311
517000.0,65.19413942447295
520000.0,65.27859738647639
521000.0,65.26796846697904
522000.0,65.22832408322513
523000.0,65.22729285571717
524000.0,65.25790565949687
525000.0,65.28418698111622
526000.0,65.27535558453377
527000.0,65.23713980842761
529000.0,65.17799848071704
530000.0,65.18776877596929
531000.0,65.22774014806186
532000.0,65.26247764125073
533000.0,65.26028321944702
534000.0,65.22782426018222
535000.0,65.23308341768724
536000.0,65.26900187007878
537000.0,65.3002865367612
538000.0,65.32746885071026
539000.0,65.31894903374496
540000.0,65.28116512709555
541000.0,65.2816816438635
542000.0,65.3458233738997
543000.0,65.39990495304492
544000.0,65.38322027934794
545000.0,65.33848737423963
546000.0,65.33311010503931
547000.0,65.35997309221565
548000.0,65.38344497896134
549000.0,65.40398740445605
550000.0,65.38957808475881
551000.0,65.34663338084658
552000.0,65.34296405799702
553000.0,65.40365119782125
554000.0,65.45441179993091
556000.0,65.41736953181518
557000.0,65.3730700241521
559000.0,65.36612905158009
560000.0,65.42654341214359
561000.0,65.47739049491236
562000.0,65.49005757227502
563000.0,65.46882486646504
564000.0,65.42018719153481
565000.0,65.41154746731003
566000.0,65.4679300567271
567000.0,65.51494342094166
568000.0,65.49226309815302
569000.0,65.44238861166804
570000.0,65.43255934776522
571000.0,65.48800617274257
572000.0,65.53435789890473
573000.0,65.5432195971043
574000.0,65.51896043501537
575000.0,65.46761275797847
576000.0,65.4564558948628
577000.0,65.51080675898669
578000.0,65.5561215383186
579000.0,65.56430787082161
580000.0,65.53921755861617
581000.0,65.48716399221685
583000.0,65.4674899947449
584000.0,65.52265744163527
585000.0,65.56907560596939
586000.0,65.57793333380701
587000.0,65.55351927003507
588000.0,65.50190334511382
591000.0,65.47775781184264
592000.0,65.50200730056164
593000.0,65.4905960921778
594000.0,65.45019145128761
595000.0,65.44832666170912
596000.0,65.51061142274659
597000.0,65.56267278551353
598000.0,65.54407338682236
599000.0,65.49755782841879
600000.0,65.49063406785788
601000.0,65.54843793546227
602000.0,65.59670154948527
603000.0,65.60727685550361
604000.0,65.58428278528201
605000.0,65.53383295813279
607000.0,65.51667967049428
608000.0,65.57268048842768
609000.0,65.65200435380483
610000.0,65.68779952398164
611000.0,65.6553088064508
612000.0,65.59688691788426
613000.0,65.57960880046942
615000.0,65.67247497004506
616000.0,65.7072361574212
617000.0,65.67417847018342
619000.0,65.62585300179676
621000.0,65.64776992646352
622000.0,65.65681013613099
623000.0,65.63244428359873
624000.0,65.58094290129554
625000.0,65.56946895194358
626000.0,65.62312950566421
627000.0,65.66819417798314
628000.0,65.67594199930896
629000.0,65.65043618907397
630000.0,65.59799532081358
633000.0,65.65922304982747
634000.0,65.70102128548703
637000.0,65.62588013459222
638000.0,65.61146169470844
640000.0,65.64655633451022
641000.0,65.6607701314773
642000.0,65.64099716149215
643000.0,65.59322913834839
644000.0,65.584820424654
645000.0,65.64110736734787
646000.0,65.6883921778508
647000.0,65.6979898031938
648000.0,65.67403096047457
649000.0,65.62267198623383
650000.0,65.61137118013177
652000.0,65.65174271490467
653000.0,65.66793942117545
655000.0,65.6328371171154
656000.0,65.62151532459637
657000.0,65.6755704332629
659000.0,65.75742908311342
660000.0,65.72786033399667
662000.0,65.68536518825812
663000.0,65.7315537614627
664000.0,65.76973643060353
667000.0,65.68674963565107
668000.0,65.63776990701886
669000.0,65.62857847731483
670000.0,65.68437024866846
671000.0,65.7308182609529
673000.0,65.6856092000522
674000.0,65.63805600160683
675000.0,65.62991006974696
676000.0,65.68664628883548
677000.0,65.7339171060758
679000.0,65.6899490687333
681000.0,65.72657332621846
682000.0,65.80135156956557
683000.0,65.83341851814953
684000.0,65.8298682292992
686000.0,65.76279565481308
687000.0,65.73903267159592
688000.0,65.782361552074
689000.0,65.81808385917387
690000.0,65.8178444282388
691000.0,65.78539941546211
692000.0,65.7267490812935
693000.0,65.70906863558722
695000.0,65.801013983568
697000.0,65.86318864974362
698000.0,65.82564140675969
699000.0,65.76243840183467
700000.0,65.74090055606706
701000.0,65.78615097197832
702000.0,65.82369021896223
703000.0,65.82485538565102
704000.0,65.79352287149673
705000.0,65.73599180421604
706000.0,65.71941289101855
707000.0,65.76876246966391
708000.0,65.84209549071097
709000.0,65.87254295680837
710000.0,65.83546175517225
711000.0,65.77279602250076
712000.0,65.75176577380076
713000.0,65.79739448806347
714000.0,65.86783189982766
715000.0,65.89552158911609
716000.0,65.85601068706812
717000.0,65.79125111640009
718000.0,65.76851590880786
719000.0,65.81251996230235
721000.0,65.9406838790087
722000.0,65.95904666798383
723000.0,65.91179404848174
724000.0,65.8401610502786
725000.0,65.8113684163888
726000.0,65.85048896858078
727000.0,65.88264429022861
728000.0,65.87910038265353
729000.0,65.84393811421091
730000.0,65.78301908564617
731000.0,65.76338260517606
732000.0,65.81009212326104
733000.0,65.88118015101938
734000.0,65.90974608105935
735000.0,65.90334160258148
736000.0,65.8654263949459
737000.0,65.83480273430085
738000.0,65.87192211036498
739000.0,65.93506182949633
740000.0,65.9569005744956
741000.0,65.94458984566249
742000.0,65.90174116253381
743000.0,65.83424493246329
745000.0,65.78931908773198
746000.0,65.8341964321113
747000.0,65.87122453850824
748000.0,65.87189425083221
749000.0,65.84016451677535
750000.0,65.78217166950556
751000.0,65.76515057171922
753000.0,65.85807876081071
754000.0,65.89245468584727
755000.0,65.85850659342654
756000.0,65.79856856877979
757000.0,65.77999690603004
758000.0,65.82769347655817
759000.0,65.89950310693087
760000.0,65.9287014432679
761000.0,65.9227325604517
762000.0,65.88521789760176
763000.0,65.85483608464891
764000.0,65.89240211521705
765000.0,65.9555655834329
766000.0,65.97737830912331
767000.0,65.9650966230052
769000.0,65.88430677367691
770000.0,65.8548753392772
771000.0,65.89327924560523
772000.0,65.95738191981721
773000.0,65.9796274190019
774000.0,65.93534861866173
775000.0,65.86660848685294
776000.0,65.84038495387502
777000.0,65.88140386082517
779000.0,66.00420898651026
780000.0,66.02047726876212
781000.0,65.97096639070944
783000.0,65.89732825270022
784000.0,65.93084953556142
786000.0,65.98020098306006
789000.0,65.95321674927072
790000.0,65.9793173033859
791000.0,66.03284539472442
793000.0,66.05608988944951
794000.0,66.0031789781782
795000.0,65.95922715288695
796000.0,65.98519826422933
799000.0,66.0346393905198
800000.0,65.98518418950678
802000.0,65.91112946836891
804000.0,65.97467470435424
805000.0,66.02941267009666
806000.0,66.04486588562796
807000.0,65.9944608683042
808000.0,65.9205197073951
809000.0,65.88979589746246
810000.0,65.92693917613434
811000.0,65.98972438824418
812000.0,66.01125002783611
814000.0,65.92605979645393
816000.0,65.9317053391838
817000.0,65.99436505927964
818000.0,66.01561195937508
820000.0,65.93018608411386
821000.0,65.86647872893506
822000.0,65.84455352434117
823000.0,65.88910876617317
825000.0,65.95593462800309
826000.0,65.9200335875509
827000.0,65.85823883085581
828000.0,65.83789859698852
829000.0,65.88393236997067
831000.0,66.0147648055948
832000.0,66.03410733558549
833000.0,66.0197329225584
835000.0,65.99722331156327
836000.0,66.02094703533211
837000.0,66.07224097268231
838000.0,66.08368540748631
839000.0,66.06256876204719
840000.0,66.01206208738694
841000.0,65.93800263424231
842000.0,65.90709211480103
844000.0,65.9777493452163
845000.0,66.0032848387094
846000.0,65.9618909895875
847000.0,65.89560073624422
849000.0,65.91359160117598
850000.0,65.98131915535774
851000.0,66.00671550398411
852000.0,65.99749998806038
855000.0,65.97800882182406
856000.0,66.00562718579158
857000.0,66.06028930895116
858000.0,66.0748192216966
860000.0,65.97878714016942
862000.0,65.91448392080768
863000.0,65.95180859983438
864000.0,65.98232920626484
865000.0,65.97735519908626
866000.0,65.94083687825231
867000.0,65.87853119828463
868000.0,65.85779041759004
869000.0,65.90341082502277
870000.0,65.97353163622046
871000.0,66.00114062462652
872000.0,65.96136087778505
873000.0,65.8964169161474
874000.0,65.87336297299417
875000.0,65.91703538040544
876000.0,65.98544430190476
877000.0,66.01172305252312
878000.0,66.00312127689008
879000.0,65.96351562003059
880000.0,65.89845336136356
881000.0,65.90765388052962
882000.0,65.97776147676267
885000.0,66.04489069443005
886000.0,65.99955644580864
887000.0,65.92982933340437
888000.0,65.90273590546767
889000.0,65.94276056089244
890000.0,66.00805206308524
891000.0,66.03177672645984
893000.0,65.95009385225092
894000.0,65.92030443972885
895000.0,65.95811658326413
896000.0,66.02165563680268
897000.0,66.04372969599751
898000.0,66.03153968989741
899000.0,65.98876607210252
900000.0,65.9211078513306
901000.0,65.8958142098952
902000.0,65.93759562441058
903000.0,65.97195212958171
905000.0,65.9688525025933
906000.0,65.93547720366165
907000.0,65.87568648099463
909000.0,65.90478731879097
910000.0,65.97657860762808
911000.0,66.00548291912467
912000.0,65.96685456023607
913000.0,65.90318435883748
914000.0,65.88095031934441
915000.0,65.9252312904515
916000.0,65.99433951901875
917000.0,66.02106391868146
918000.0,66.01290776212345
919000.0,65.97347476539298
920000.0,65.90903951563322
921000.0,65.91873529506762
922000.0,65.98891366419178
924000.0,66.0385097718566
925000.0,65.99574340246473
926000.0,65.9281185704084
927000.0,65.9027687768274
928000.0,65.94458066622896
929000.0,65.97907302839391
931000.0,65.97587959240047
933000.0,65.91215242739422
934000.0,65.88929076311153
935000.0,65.93322168223699
936000.0,66.00187471144959
937000.0,66.02821569128395
938000.0,66.01963248433005
939000.0,65.97992622854409
941000.0,65.98321547581108
942000.0,66.04479777549608
943000.0,66.06515638685875
944000.0,66.05147701337458
945000.0,66.00731782459702
946000.0,65.93862005770262
947000.0,65.91240039746994
949000.0,65.92824333078273
950000.0,65.93449917987003
951000.0,65.90749844142388
953000.0,65.86892366125888
954000.0,65.91633666924777
957000.0,66.0131754280018
958000.0,66.00729146380023
959000.0,65.96982668094957
960000.0,65.90685929427252
961000.0,65.88554027969653
962000.0,65.93071470228607
963000.0,65.96787510822963
965000.0,65.90751692991842
966000.0,65.8535784380104
967000.0,65.83983221494164
969000.0,65.87582336489838
970000.0,65.88972398469079
971000.0,65.86952772705098
972000.0,65.82106844438289
973000.0,65.81226275199984
974000.0,65.86809944887081
975000.0,65.94693648782237
976000.0,65.98204336060827
977000.0,65.98094110785297
978000.0,65.94782531555569
979000.0,65.92085614804726
984000.0,65.9506457909963
985000.0,65.9218198547323
986000.0,65.86619465224648
987000.0,65.85116562894723
988000.0,65.90177315665073
989000.0,65.9436084232375
990000.0,65.9481934026193
991000.0,65.91985256808255
992000.0,65.86463014389625
993000.0,65.84987622969959
994000.0,65.90073344090395
995000.0,65.94279919812749
996000.0,65.94749479151928
997000.0,65.91943908708454
998000.0,65.86441718666151
999000.0,65.84976582946419
1000000.0,65.90072961453214
1001000.0,65.97528352638852
1002000.0,66.00674375091333
1003000.0,66.00250117419426
1004000.0,65.96640287816676
1005000.0,65.93718193224039
1006000.0,65.97547466009425
1007000.0,66.03948005142814
1010000.0,66.09285239515047
1011000.0,66.0442247093379
1013000.0,66.03272491998054
1015000.0,66.07475637301533
1016000.0,66.06119858895129
1017000.0,66.01720077359371
1018000.0,65.94848019927504
1019000.0,65.9222260977051
1020000.0,65.9630192606631
1022000.0,66.02377931292435
1023000.0,65.9851056684473
1024000.0,65.9212882809659
1026000.0,65.9433641145204
1027000.0,66.0124678980828
1028000.0,66.03916208377723
1029000.0,66.03092331571354
1030000.0,65.99149335051942
1031000.0,65.92667858814204
1033000.0,65.88574152762067
1034000.0,65.93180405236652
1035000.0,65.9701832619412
1036000.0,65.97185962451798
1037000.0,65.94091279346121
1038000.0,65.88352463246473
1039000.0,65.86693189731493
1040000.0,65.91607040096027
1041000.0,65.98941687208986
1042000.0,66.01946194120416
1044000.0,65.94851310127126
1045000.0,65.92253876520171
1046000.0,65.96358060612786
1048000.0,66.0253746420278
1049000.0,66.01936314755775
1050000.0,65.98174220447012
1052000.0,65.9882765059673
1053000.0,66.05130352980217
1054000.0,66.07290331939478
1055000.0,66.06020536577513
1056000.0,66.016929869032
1057000.0,65.94883248781505
1058000.0,65.923158421694
1059000.0,65.9647016143918
1060000.0,66.03117388045195
1062000.0,66.07504799540446
1065000.0,66.0421685552379
1067000.0,66.08923124440324
1068000.0,66.10563364588063
1069000.0,66.088582182392
1071000.0,65.99976057818286
1072000.0,65.96707941047896
1073000.0,66.002433271533
1074000.0,66.06373917593264
1075000.0,66.08385911092238
1076000.0,66.07006544359443
1077000.0,66.02572781957453
1078000.0,65.98936907044637
1079000.0,66.02155089403412
1080000.0,66.0802114761377
1082000.0,66.1116171036562
1083000.0,66.06140712836857
1084000.0,65.98743936421667
1085000.0,65.98897361728756
1086000.0,66.0525415005673
1088000.0,66.09158833780782
1089000.0,66.07689240170379
1090000.0,66.03199371578083
1091000.0,65.96252293515253
1092000.0,65.93550805268225
1093000.0,65.97576546622886
1094000.0,66.04103210455136
1096000.0,66.08319440739477
1097000.0,66.03735269393465
1098000.0,65.96720934974711
1099000.0,65.97225205369281
1101000.0,66.09476820685458
1102000.0,66.11072825419595
1103000.0,66.06145911179996
1104000.0,65.98786688445759
1105000.0,65.95740586799612
1106000.0,65.9946394299677
1107000.0,66.05753028848758
1108000.0,66.07907815325274
1109000.0,66.06639179950528
1110000.0,66.02325658961735
1112000.0,65.89724968362165
1113000.0,65.87982256917653
1114000.0,65.92835247053873
1115000.0,66.0005999791765
1117000.0,65.9924031510932
1118000.0,65.92882632929934
1120000.0,65.9516962941941
1121000.0,66.02099150489916
1122000.0,66.04791390585497
1123000.0,66.03984099172888
1124000.0,66.00053801348035
1125000.0,65.9358260361113
1126000.0,65.84792589222415
