339000.0,50.627033388091654
340000.0,50.78888439237621
341000.0,50.933243579745074
342000.0,51.0708402987566
343000.0,51.20274560744268
344000.0,51.329881572366354
345000.0,51.4448270144854
346000.0,51.57458697852796
347000.0,51.74851805573355
348000.0,51.95954775989679
349000.0,52.202020787324
350000.0,52.5040048136355
351000.0,52.887508520834324
352000.0,53.33981909504587
353000.0,53.8831342996404
354000.0,54.50178778142138
355000.0,55.18544684396931
356000.0,55.92246729946262
357000.0,56.70616648291162
358000.0,57.56073131567965
359000.0,58.441957065696776
360000.0,59.34730393679484
361000.0,60.23865076274568
363000.0,61.55764857824208
364000.0,61.973776495903834
365000.0,62.31937212734899
368000.0,63.33246581327382
369000.0,63.60635828625038
370000.0,63.77451686787882
371000.0,63.853512231321616
372000.0,63.90667337132239
373000.0,63.98648867727289
374000.0,64.13729595249083
375000.0,64.29585523509274
376000.0,64.39987311257931
377000.0,64.42340013282534
378000.0,64.38219739198104
379000.0,64.38245852279952
380000.0,64.42714803264242
381000.0,64.48819789262525
382000.0,64.56297768457509
383000.0,64.6053421806062
384000.0,64.57848787628627
385000.0,64.5262194009149
386000.0,64.55024831210092
387000.0,64.66831742195268
388000.0,64.76783990506243
389000.0,64.78895760719817
390000.0,64.74411840831769
391000.0,64.69333097697887
392000.0,64.68474780650637
393000.0,64.76120140283865
394000.0,64.89030530590354
396000.0,65.03265198328297
397000.0,65.02710244594499
398000.0,64.95973048535829
399000.0,64.90619786756984
400000.0,64.92745804305726
401000.0,65.01166592837467
402000.0,65.08252742938355
403000.0,65.07939492548678
404000.0,65.01396120215088
405000.0,64.92947517597048
406000.0,64.89301791771565
407000.0,64.96159890422521
408000.0,65.05089480587138
409000.0,65.07970701826554
410000.0,65.0733729666373
411000.0,65.03743743196365
412000.0,64.97662131073952
413000.0,64.97773795048303
414000.0,65.07617983053238
415000.0,65.15898576562653
416000.0,65.16604525066687
417000.0,65.14202689449637
418000.0,65.12348230961665
419000.0,65.10948403002453
420000.0,65.16556243321611
421000.0,65.27727541049052
422000.0,65.33978102168635
423000.0,65.32947187762628
424000.0,65.25783155374042
425000.0,65.13514868667994
427000.0,64.82762309624303
428000.0,64.68058927009032
429000.0,64.5253120111025
430000.0,64.34799247050236
431000.0,64.16770396525949
432000.0,63.9686171581071
433000.0,63.770606982888815
434000.0,63.572119923369875
435000.0,63.37457535058677
436000.0,63.20937208471401
437000.0,63.07136650786084
438000.0,62.92316824758481
439000.0,62.76797022256955
440000.0,62.638296753907014
441000.0,62.54666132162233
442000.0,62.50278585409267
443000.0,62.48249835131544
444000.0,62.466689280905804
445000.0,62.487026626138075
446000.0,62.53674213178027
447000.0,62.57974532777686
448000.0,62.64988031083863
449000.0,62.741363084921375
450000.0,62.83039749169915
452000.0,63.032650228469684
453000.0,63.14883612240867
454000.0,63.280023495538046
455000.0,63.44011689434946
456000.0,63.60745128534278
458000.0,63.80776737907725
459000.0,63.855652874866536
460000.0,63.89780525545187
461000.0,63.96697379069233
463000.0,64.072986431901
464000.0,64.0850230569891
465000.0,64.09673118545574
466000.0,64.14042882343857
467000.0,64.2098527327251
468000.0,64.26917229313435
469000.0,64.28735763121924
470000.0,64.27230084102094
471000.0,64.26072423009242
472000.0,64.28521250353278
473000.0,64.33827841827797
475000.0,64.36105567173283
476000.0,64.34110961654348
478000.0,64.37560005024125
479000.0,64.42105635792836
480000.0,64.4602005182843
483000.0,64.4610850523107
484000.0,64.46691396537561
485000.0,64.5042626604918
486000.0,64.5036369053611
487000.0,64.47269214593518
488000.0,64.44771490082032
489000.0,64.46073579881948
490000.0,64.5042962554683
491000.0,64.54196439621637
492000.0,64.54155390021965
493000.0,64.51088273891817
494000.0,64.51917897054189
495000.0,64.55860682329975
496000.0,64.5927631637119
497000.0,64.58937140561616
498000.0,64.55613904229676
499000.0,64.52927920304062
500000.0,64.54051778268853
501000.0,64.58244138480278
502000.0,64.61870298348323
504000.0,64.61488862528383
505000.0,64.58423691943896
506000.0,64.59248243261877
507000.0,64.63191320464828
508000.0,64.6661011178513
509000.0,64.66267002240265
510000.0,64.62928557420521
511000.0,64.60214960751695
512000.0,64.61335924628119
513000.0,64.65507269576483
514000.0,64.69114962666671
516000.0,64.68706252214281
517000.0,64.68918841845263
520000.0,64.77940426916943
521000.0,64.76906191339884
522000.0,64.72989377853234
523000.0,64.73090878749963
524000.0,64.76406781296792
525000.0,64.7927612008065
526000.0,64.78473913814528
527000.0,64.74739767819177
529000.0,64.69216352656565
530000.0,64.7050508303366
531000.0,64.7483070007188
532000.0,64.78542727050674
533000.0,64.78464143269288
534000.0,64.75319289705585
535000.0,64.76068454900283
536000.0,64.79922856902093
537000.0,64.83250699659746
538000.0,64.86120806346793
539000.0,64.85322925914303
540000.0,64.81588987687752
541000.0,64.81845032404733
542000.0,64.88589019305876
543000.0,64.94170783985645
544000.0,64.92509108519455
545000.0,64.88046809554017
546000.0,64.8767502451937
547000.0,64.9058352079718
548000.0,64.93114289289947
549000.0,64.9528911754124
550000.0,64.93923040955085
551000.0,64.8972238443212
552000.0,64.89555351599896
553000.0,64.95954188097417
554000.0,65.01239586997306
556000.0,64.97593275698993
557000.0,64.93271588860166
559000.0,64.93029698357282
560000.0,64.99376523039486
561000.0,65.04665712246037
562000.0,65.0601951206899
563000.0,65.03949858094228
564000.0,64.99116465815057
565000.0,64.98440952870054
566000.0,65.04377421699476
567000.0,65.09304317882658
568000.0,65.07058841292195
569000.0,65.02103484632448
570000.0,65.01324835717558
571000.0,65.07194629527255
572000.0,65.12036108043857
573000.0,65.1302133121113
574000.0,65.10611762416099
575000.0,65.05522833476047
576000.0,65.04622408565399
577000.0,65.10383350647734
578000.0,65.15126626399254
579000.0,65.16047788651754
580000.0,65.13585293875117
581000.0,65.08447946718704
583000.0,65.0695132303893
584000.0,65.12807264037355
585000.0,65.17645982786675
586000.0,65.18635212754786
587000.0,65.16230188160608
588000.0,65.11132191149672
591000.0,65.09455823267848
592000.0,65.12133771000777
593000.0,65.11151464596387
594000.0,65.07254351820694
595000.0,65.07323778696369
596000.0,65.13909881816149
597000.0,65.19339507613545
598000.0,65.17526428184036
599000.0,65.12923944509218
600000.0,65.12413822428194
601000.0,65.1849491188334
602000.0,65.23497588473947
603000.0,65.24634577069736
604000.0,65.22345857476896
605000.0,65.17342633479339
607000.0,65.16032930527166
608000.0,65.21954485131971
609000.0,65.30140501323729
610000.0,65.33788033774826
611000.0,65.30469090255275
612000.0,65.2461750100929
613000.0,65.23013336155401
615000.0,65.32783081681636
616000.0,65.36367467892133
617000.0,65.3299083550206
619000.0,65.28412098818346
621000.0,65.30987631409853
622000.0,65.32053720709018
623000.0,65.29710288218608
624000.0,65.24638034382642
625000.0,65.23731087351526
626000.0,65.29457687009953
627000.0,65.34180646712714
628000.0,65.35067327078963
629000.0,65.32563301229911
630000.0,65.27376151024728
633000.0,65.34360971261599
634000.0,65.3867945235296
637000.0,65.31354272936804
638000.0,65.3008121791743
640000.0,65.3403887099844
641000.0,65.35637353614348
642000.0,65.33719907458226
643000.0,65.29010795275293
644000.0,65.28419017746529
645000.0,65.34412531319893
646000.0,65.39334225234232
647000.0,65.40387539462746
648000.0,65.38016567706615
649000.0,65.32931002909122
650000.0,65.32007368791494
652000.0,65.36495011745039
653000.0,65.38273960735121
655000.0,65.3491986769416
656000.0,65.33971638365041
657000.0,65.3967370621962
659000.0,65.48146436601547
660000.0,65.45126471701181
662000.0,65.4105870499842
663000.0,65.4591229979005
664000.0,65.49882052195568
667000.0,65.41711036892882
668000.0,65.36930523616662
669000.0,65.36261432886205
670000.0,65.42168722260551
671000.0,65.47040368671983
673000.0,65.42642671695458
674000.0,65.37989273316705
675000.0,65.37408983148825
676000.0,65.43411477279056
677000.0,65.48340504886781
679000.0,65.4405659512494
681000.0,65.48095712049066
682000.0,65.55793085570339
683000.0,65.59029673512643
684000.0,65.58635376474355
686000.0,65.51911587028067
687000.0,65.49638052885338
688000.0,65.54204486509576
689000.0,65.57930631926331
690000.0,65.57960668111541
691000.0,65.54721071773619
692000.0,65.48901737697331
693000.0,65.47354232051566
695000.0,65.571363657095
697000.0,65.63505744063752
698000.0,65.59684222003246
699000.0,65.5337499097374
700000.0,65.51393868640997
701000.0,65.56210965561533
702000.0,65.60146485054585
703000.0,65.60351383517181
704000.0,65.5726168302786
705000.0,65.51563557826495
706000.0,65.50092599276209
707000.0,65.55340954732488
708000.0,65.62969577078131
709000.0,65.66094664920041
710000.0,65.62305465180847
711000.0,65.56019964564554
712000.0,65.54077938330994
713000.0,65.589236985888
714000.0,65.66185253841547
715000.0,65.69022255908774
716000.0,65.64998833314611
717000.0,65.58514837470027
718000.0,65.56394020780785
719000.0,65.61093621839052
721000.0,65.7428769222321
722000.0,65.76095307509364
723000.0,65.71211123977311
724000.0,65.63981411358651
725000.0,65.61249252608756
726000.0,65.65441654354404
727000.0,65.68830761277027
728000.0,65.68571398960654
729000.0,65.65084520271887
730000.0,65.59038526494369
731000.0,65.57295398893822
732000.0,65.62312956135327
733000.0,65.69696188348925
734000.0,65.72659816539684
735000.0,65.72027082306252
736000.0,65.68237737410738
737000.0,65.65241300354043
738000.0,65.69193509020036
739000.0,65.75682652876979
740000.0,65.77905718060815
741000.0,65.76628877333533
742000.0,65.72303925120848
743000.0,65.65558586622446
745000.0,65.61450699404992
746000.0,65.66239192816788
747000.0,65.70172251307457
748000.0,65.70348242049604
749000.0,65.67217150929386
750000.0,65.61476057408092
751000.0,65.5997834259706
753000.0,65.69822608782115
754000.0,65.73379869419436
755000.0,65.69977447831019
756000.0,65.64002399236318
757000.0,65.62287191831308
758000.0,65.67335557980884
759000.0,65.74753402593038
760000.0,65.7770717845963
761000.0,65.7707993176229
762000.0,65.73278645305908
763000.0,65.70274889838615
764000.0,65.7421480955157
765000.0,65.8071157274916
766000.0,65.82913884518914
767000.0,65.81639503142506
769000.0,65.73505151815753
770000.0,65.70672198864983
771000.0,65.74773007320415
772000.0,65.81384608223254
773000.0,65.8366668824551
774000.0,65.79175689109577
775000.0,65.72255835086148
776000.0,65.69789008330629
777000.0,65.74187079680956
779000.0,65.86877327664845
780000.0,65.88490260116573
781000.0,65.83431402695535
783000.0,65.76176332303267
784000.0,65.79754367863333
786000.0,65.84910677484595
789000.0,65.82375989807882
790000.0,65.8512293934341
791000.0,65.9062259840436
793000.0,65.92957957788752
794000.0,65.87534166690634
795000.0,65.83179164104467
796000.0,65.85944711476134
799000.0,65.91206780407651
800000.0,65.86218497878195
802000.0,65.79048400718217
804000.0,65.85933710093155
805000.0,65.91673967004314
806000.0,65.93207521926361
807000.0,65.88069799879077
808000.0,65.8062955103791
809000.0,65.77710801061662
810000.0,65.81706948511147
811000.0,65.88241723297661
812000.0,65.90488798297892
814000.0,65.81948153225915
816000.0,65.82915718141228
817000.0,65.8940370642348
818000.0,65.91578602771057
820000.0,65.82957123721414
821000.0,65.76609274687732
822000.0,65.74608603480038
823000.0,65.79410188713025
825000.0,65.86391353956742
826000.0,65.82783117414237
827000.0,65.7659763284213
828000.0,65.74729245041571
829000.0,65.79615932025231
831000.0,65.9305960419426
832000.0,65.94964092225487
833000.0,65.93433115566826
835000.0,65.91139302109089
836000.0,65.935914826171
837000.0,65.98811925850576
838000.0,65.9994121949091
839000.0,65.97748965213285
840000.0,65.92626155223321
841000.0,65.85187058206223
842000.0,65.82263027583095
844000.0,65.8985900023047
845000.0,65.92523897935858
846000.0,65.8835272893545
847000.0,65.8171395219571
849000.0,65.84019670057407
850000.0,65.91022759825805
851000.0,65.93627644149427
852000.0,65.92702357786041
855000.0,65.90818019475638
856000.0,65.93699481111794
857000.0,65.99288460815737
858000.0,66.00738237894994
860000.0,65.9095838705095
862000.0,65.84768860502055
863000.0,65.8874074538409
864000.0,65.91959967512624
865000.0,65.91537733051919
866000.0,65.87882892239863
867000.0,65.81682519900625
868000.0,65.79799205580508
869000.0,65.8468331123027
870000.0,65.91943240224096
871000.0,65.94762611262784
872000.0,65.90708931944275
873000.0,65.84168706132488
874000.0,65.81992482341296
875000.0,65.8662283029437
876000.0,65.93675727996578
877000.0,65.96336526288196
878000.0,65.95443089328522
879000.0,65.91400854848388
880000.0,65.8486166750792
881000.0,65.85999147019497
882000.0,65.93261350761688
885000.0,65.99989906161316
886000.0,65.95353052869967
887000.0,65.88336506825799
888000.0,65.85738970534145
889000.0,65.90017346149263
890000.0,65.96765142959006
891000.0,65.99163981438268
893000.0,65.90861950840667
894000.0,65.87952392649959
895000.0,65.91959248071655
896000.0,65.9849178023126
897000.0,66.00703934041091
898000.0,65.99442820734987
899000.0,65.95087780709267
900000.0,65.88306846877919
901000.0,65.85908752579645
902000.0,65.90360626308438
903000.0,65.93943477959795
905000.0,65.9374548123294
906000.0,65.90380437333529
907000.0,65.84426919443247
909000.0,65.87770295653696
910000.0,65.95163493472327
911000.0,65.98103699715672
912000.0,65.94129283770658
913000.0,65.87658086956571
914000.0,65.85548980813215
915000.0,65.90221690415981
916000.0,65.97337092498205
917000.0,66.00014519895846
918000.0,65.99136308790251
919000.0,65.95095387329013
920000.0,65.88575523595401
921000.0,65.89715969482096
922000.0,65.96966532065214
924000.0,66.01987898257592
925000.0,65.97576494318992
926000.0,65.90757646023795
927000.0,65.88329582905504
928000.0,65.92734184779064
929000.0,65.9630448233258
931000.0,65.96075076158971
933000.0,65.89677297238747
934000.0,65.87503821263176
935000.0,65.92142872871494
936000.0,65.99193110515951
937000.0,66.0183249600716
938000.0,66.00924206816255
939000.0,65.96854515116587
941000.0,65.9734478429128
942000.0,66.03676382829653
943000.0,66.05702050854985
944000.0,66.04236239444928
945000.0,65.99765260429099
946000.0,65.92852433676428
947000.0,65.90323617898906
949000.0,65.92251952051441
950000.0,65.92999848281558
951000.0,65.9032665604607
953000.0,65.867227594263
954000.0,65.91698292350223
957000.0,66.01543999042441
958000.0,66.00918298520509
959000.0,65.97084005324483
960000.0,65.90723429986792
961000.0,65.8869448979067
962000.0,65.93454178712922
963000.0,65.97290319087259
965000.0,65.91229103289373
966000.0,65.85847041346872
967000.0,65.8464614737038
969000.0,65.88601436848316
970000.0,65.90133230434884
971000.0,65.88130425332479
972000.0,65.833092834231
973000.0,65.82570455954146
974000.0,65.88396453202441
975000.0,65.96478582429758
976000.0,65.99965289580501
977000.0,65.99742459606225
978000.0,65.9629389553318
979000.0,65.93555878744635
984000.0,65.9670873370859
985000.0,65.93792505956685
986000.0,65.8822584728891
987000.0,65.86840455481725
988000.0,65.92125077226896
989000.0,65.96413484078981
990000.0,65.96892543210969
991000.0,65.93992943641788
992000.0,65.88422468471538
993000.0,65.87054643093126
994000.0,65.92368540361028
995000.0,65.96688718689786
996000.0,65.97151988218677
997000.0,65.94272834891187
998000.0,65.8870502080071
999000.0,65.87345102865692
1000000.0,65.92655320296443
1001000.0,66.0027756572351
1002000.0,66.0339067432827
1003000.0,66.02880764594894
1004000.0,65.99152013592611
1005000.0,65.96192023705109
1006000.0,66.00144768281373
1007000.0,66.06645275672295
1010000.0,66.11701341048894
1011000.0,66.06673045642354
1013000.0,66.05608816024922
1015000.0,66.09860044598022
1016000.0,66.08454309336658
1017000.0,66.03970987083454
1018000.0,65.97069409515343
1019000.0,65.94577768475266
1020000.0,65.98922731689579
1022000.0,66.05196943124618
1023000.0,66.01281135388061
1024000.0,65.94847960996046
1026000.0,65.97424988652564
1027000.0,66.0450599685068
1028000.0,66.07201011876563
1029000.0,66.06317349887627
1030000.0,66.0228467736518
1031000.0,65.95744324634992
1033000.0,65.91905102181329
1034000.0,65.96777351644454
1035000.0,66.00732452278697
1036000.0,66.00931125213488
1037000.0,65.97788455132951
1038000.0,65.92011386266847
1039000.0,65.90471739623784
1040000.0,65.95596881180924
1041000.0,66.03082603076726
1042000.0,66.06113041625608
1044000.0,65.98753091095628
1045000.0,65.96196305890928
1046000.0,66.00437765142003
1048000.0,66.06680854682901
1049000.0,66.06029729359632
1050000.0,66.02177965269684
1052000.0,66.02979765131921
1053000.0,66.09391564239233
1054000.0,66.11500570209203
1055000.0,66.10120934873557
1056000.0,66.05668842470557
1057000.0,65.98781795870879
1058000.0,65.96309623790404
1059000.0,66.00691884883062
1060000.0,66.07521333542716
1062000.0,66.1186993322891
1065000.0,66.08418976150692
1067000.0,66.13229546151973
1068000.0,66.1482908763288
1069000.0,66.1304683131799
1071000.0,66.04030517575067
1072000.0,66.00831141750376
1073000.0,66.04594755236963
1074000.0,66.10907734587488
1075000.0,66.12955967280146
1076000.0,66.11514464410921
1077000.0,66.07018838563637
1078000.0,66.03395104148585
1079000.0,66.06784713930148
1080000.0,66.12814549756867
1082000.0,66.15886204587129
1083000.0,66.10759327054569
1084000.0,66.03282111474513
1085000.0,66.03593714535978
1086000.0,66.10160693898334
1088000.0,66.14099088532961
1089000.0,66.12573139634135
1090000.0,66.08006147950648
1091000.0,66.00999469195361
1092000.0,65.98417665687883
1093000.0,66.02672534054699
1094000.0,66.09428675282578
1096000.0,66.13653751422264
1097000.0,66.08947933779373
1098000.0,66.01828377224207
1099000.0,66.02484647573212
1101000.0,66.15082249029116
1102000.0,66.16620190255878
1103000.0,66.11474631167941
1104000.0,66.0399851274804
1105000.0,66.01030316394991
1106000.0,66.04994721840204
1107000.0,66.11470493822078
1108000.0,66.13619371922049
1109000.0,66.12292592570995
1110000.0,66.07864472853072
1112000.0,65.95230356119394
1113000.0,65.93691830375066
1114000.0,65.98830721781079
1115000.0,66.0629859055927
1117000.0,66.05386594042851
1118000.0,65.98943681973822
1120000.0,66.01529785689975
1121000.0,66.08605228105333
1122000.0,66.11274373105279
1123000.0,66.10388577555105
1124000.0,66.06327462273562
1125000.0,65.99746284072536
1126000.0,65.9091661710703
