339000.0,50.6270617653552
340000.0,50.7848623274892
341000.0,50.92625798206502
342000.0,51.061545354562206
343000.0,51.19168511409122
344000.0,51.317481078861235
345000.0,51.43162182831169
346000.0,51.56055365898809
347000.0,51.73278950557061
348000.0,51.941701494420954
349000.0,52.18180999349879
350000.0,52.48045509963386
351000.0,52.85985002064338
352000.0,53.30764791122457
353000.0,53.84519418584807
354000.0,54.45810231614764
355000.0,55.13607510191575
356000.0,55.86775888240165
357000.0,56.64658444092378
358000.0,57.496295642377035
359000.0,58.37386473034841
360000.0,59.27663784852733
361000.0,60.16697327434455
363000.0,61.49730180396339
364000.0,61.92474027783439
365000.0,62.2814152052442
368000.0,63.3243936796667
369000.0,63.608309315709775
370000.0,63.78779515352108
371000.0,63.8789930358099
372000.0,63.944131778513395
373000.0,64.03337951945589
374000.0,64.19138992144484
375000.0,64.35650807913342
376000.0,64.4679298929637
377000.0,64.4998094374723
378000.0,64.46788560723259
379000.0,64.47555465024503
380000.0,64.52604094110747
381000.0,64.59216103295692
382000.0,64.6715505181603
383000.0,64.7188848649362
384000.0,64.69845798847655
385000.0,64.65269766143795
386000.0,64.68080051752888
387000.0,64.80079599390146
388000.0,64.90295698049461
389000.0,64.92855643080274
390000.0,64.88937652376009
391000.0,64.84399560762277
392000.0,64.83965832693937
393000.0,64.91776958515435
394000.0,65.04786464682792
396000.0,65.19610922574093
397000.0,65.19457771273343
398000.0,65.13230850579524
399000.0,65.0835114892048
400000.0,65.10750924940626
401000.0,65.19249918725889
402000.0,65.26562117382905
403000.0,65.26623302660045
404000.0,65.2057531930126
405000.0,65.12600974249098
406000.0,65.09297905312341
407000.0,65.16257250908446
408000.0,65.25275477882012
409000.0,65.28387430723355
410000.0,65.2806837014878
411000.0,65.24841038974947
412000.0,65.19183727406207
413000.0,65.19499340343424
414000.0,65.2935780364744
415000.0,65.37716439299349
416000.0,65.38668997747384
417000.0,65.3659057352708
418000.0,65.3503426512568
419000.0,65.33908421085287
420000.0,65.39627208502615
421000.0,65.5079544917929
422000.0,65.57189822665345
423000.0,65.56479860326225
424000.0,65.49751599501876
425000.0,65.37948464484955
427000.0,65.08137656599568
428000.0,64.93839982140177
429000.0,64.78668767760706
430000.0,64.61286645721914
431000.0,64.43571332513392
432000.0,64.23956193580361
433000.0,64.04421200481029
434000.0,63.84782659130107
435000.0,63.65220831841772
436000.0,63.48794042996184
437000.0,63.34983657552659
438000.0,63.20206423765403
439000.0,63.047246759452236
440000.0,62.91749572547555
441000.0,62.82496521547081
442000.0,62.77914104705467
443000.0,62.75682951325452
444000.0,62.739001084994754
445000.0,62.757263781825195
446000.0,62.804464911063754
447000.0,62.845459410289045
448000.0,62.91346070763583
449000.0,63.00286882255612
450000.0,63.0903837416208
452000.0,63.290139275948384
453000.0,63.405236523352706
454000.0,63.53556684936492
455000.0,63.69426451495651
456000.0,63.86061660642404
458000.0,64.06254269091477
459000.0,64.11281946357563
460000.0,64.15660569259542
461000.0,64.22705645970615
463000.0,64.33606318432817
464000.0,64.35004120475385
465000.0,64.36349381350234
466000.0,64.40793989509639
467000.0,64.47784101435701
468000.0,64.5378846298079
469000.0,64.55786773279772
470000.0,64.54500571203002
471000.0,64.53538242076759
472000.0,64.56077709004222
473000.0,64.61419901576471
475000.0,64.63949765655258
476000.0,64.6212648016511
478000.0,64.65709338176259
479000.0,64.7025883666817
480000.0,64.74218046175743
483000.0,64.74671113599021
484000.0,64.75287876119057
485000.0,64.79032518715283
486000.0,64.79066657659712
487000.0,64.761246581531
488000.0,64.73746665245733
489000.0,64.750812101181
490000.0,64.79407807166287
491000.0,64.83153883526714
492000.0,64.8318995659944
493000.0,64.80259753439951
494000.0,64.81107831678305
495000.0,64.8501443631159
496000.0,64.88415860017412
497000.0,64.88157374237711
498000.0,64.84965197578049
499000.0,64.82364841508416
500000.0,64.83481964337207
501000.0,64.87614653406828
502000.0,64.91211755599097
504000.0,64.90984326084921
505000.0,64.8804076727889
506000.0,64.88860183081596
507000.0,64.92740757185223
508000.0,64.96119398204827
509000.0,64.95835027942876
510000.0,64.92619775100316
511000.0,64.89995275770701
512000.0,64.91082176531117
513000.0,64.9517649487442
514000.0,64.98735998607089
516000.0,64.98428596224002
517000.0,64.98687667086371
520000.0,65.07575892801832
521000.0,65.06623159638202
522000.0,65.02844363378125
523000.0,65.02941246934752
524000.0,65.06199662506836
525000.0,65.09024398200691
526000.0,65.08287520580978
527000.0,65.04645558429971
529000.0,64.99238606458118
530000.0,65.0046792161712
531000.0,65.04672443331107
532000.0,65.08308518434383
533000.0,65.08230061751165
534000.0,65.0516709111989
535000.0,65.058701383172
536000.0,65.09649866108825
537000.0,65.12914605325363
538000.0,65.15741700395373
539000.0,65.1499764676498
540000.0,65.11362384079945
541000.0,65.11601367434332
542000.0,65.18186523301486
543000.0,65.23674992994808
544000.0,65.22098599421703
545000.0,65.17763555571375
546000.0,65.17388412089673
547000.0,65.20233824219302
548000.0,65.22708477039708
549000.0,65.24845693230401
550000.0,65.2354787507133
551000.0,65.19435880708136
552000.0,65.19240023884998
553000.0,65.25472943955246
554000.0,65.30659465030499
556000.0,65.27127370539333
557000.0,65.22863957221537
559000.0,65.2257685322112
560000.0,65.28748241723164
561000.0,65.33905145452964
562000.0,65.35259673748595
563000.0,65.33241114341538
564000.0,65.28528598564895
565000.0,65.27844726548743
566000.0,65.33626802170588
567000.0,65.38428658142546
568000.0,65.36263222331478
569000.0,65.31423713039375
570000.0,65.3061662463594
571000.0,65.3630437619136
572000.0,65.41026740104473
573000.0,65.42003470439708
574000.0,65.3965982573346
575000.0,65.34674653381327
576000.0,65.33753771573451
577000.0,65.39331622527702
578000.0,65.43954619862936
579000.0,65.44861224289814
580000.0,65.42451557923808
581000.0,65.37403451852273
583000.0,65.35837284532658
584000.0,65.4153025004016
585000.0,65.46244460445334
586000.0,65.4721154892266
587000.0,65.44855628572273
588000.0,65.39844017631457
591000.0,65.38033427254345
592000.0,65.40605414716742
593000.0,65.3960565468168
594000.0,65.35717732564592
595000.0,65.35732154062163
596000.0,65.42113845483215
597000.0,65.4739725229814
598000.0,65.45605726090982
599000.0,65.4106902531338
600000.0,65.4052011250036
601000.0,65.46399701889723
602000.0,65.51306562765566
603000.0,65.52416273299544
604000.0,65.50168508708359
605000.0,65.4523836183716
607000.0,65.4384907000993
608000.0,65.49568618195873
609000.0,65.57555489452925
610000.0,65.61139493063962
611000.0,65.57919687961753
612000.0,65.52139917228007
613000.0,65.50551373029795
615000.0,65.60021578574096
616000.0,65.63519047837944
617000.0,65.60226791596261
619000.0,65.55654679314718
621000.0,65.58095255476259
622000.0,65.59096271092814
623000.0,65.5676948246017
624000.0,65.5178039324202
625000.0,65.50820967176809
626000.0,65.56375087633681
627000.0,65.60958555813997
628000.0,65.61801597134941
629000.0,65.59343183350204
630000.0,65.54217428721105
633000.0,65.60775729363856
634000.0,65.6497239421038
637000.0,65.57701722701948
638000.0,65.56378896393312
640000.0,65.60147617839704
641000.0,65.61645335199718
642000.0,65.59745489100231
643000.0,65.55085353818563
644000.0,65.54429306508149
645000.0,65.602077418934
646000.0,65.6498072305681
647000.0,65.6597656771268
648000.0,65.63633624695095
649000.0,65.58637605875393
650000.0,65.57658886382619
652000.0,65.61933112780423
653000.0,65.63631781107101
655000.0,65.60269265654887
656000.0,65.59273626697366
657000.0,65.64765438596277
659000.0,65.72988691441282
660000.0,65.70048161190998
662000.0,65.65975196666281
663000.0,65.6902105707046
664000.0,65.72591386563201
667000.0,65.65259539304044
668000.0,65.60704672577573
669000.0,65.60069516702998
670000.0,65.6589630482916
671000.0,65.7070140098398
673000.0,65.66481216440565
674000.0,65.61924176966045
675000.0,65.61328485940484
676000.0,65.67152345736194
677000.0,65.71963590046931
679000.0,65.67744156180392
681000.0,65.71622928018452
682000.0,65.7914258334052
683000.0,65.82307532984771
684000.0,65.81930305016768
686000.0,65.75306013151939
687000.0,65.73035518431709
688000.0,65.77440944630881
689000.0,65.81047119591219
690000.0,65.81038827538235
691000.0,65.77844317663887
692000.0,65.72106775664784
693000.0,65.70516229440572
695000.0,65.7991923465268
697000.0,65.86134521647055
698000.0,65.82380219454191
699000.0,65.7614467716919
700000.0,65.74140212605363
701000.0,65.78764950661842
702000.0,65.82563418612042
703000.0,65.82729930426186
704000.0,65.79665289909983
705000.0,65.74018233259528
706000.0,65.72509112545212
707000.0,65.77568764361588
708000.0,65.84942534508131
709000.0,65.87972426504138
710000.0,65.84256636533088
711000.0,65.78088197656007
712000.0,65.76108464048211
713000.0,65.80756451526139
714000.0,65.87797772938538
715000.0,65.90555684955788
716000.0,65.86601915730364
717000.0,65.80227304633374
718000.0,65.78076530328545
719000.0,65.82599386158434
721000.0,65.95401436241946
722000.0,65.97172285286594
723000.0,65.92415428736007
724000.0,65.85316699181492
725000.0,65.82572806151445
726000.0,65.86586832850317
727000.0,65.89838106505796
728000.0,65.89537159346214
729000.0,65.86075161696142
730000.0,65.80101024716743
731000.0,65.78294897534013
732000.0,65.8310288495949
733000.0,65.90263294971913
734000.0,65.93114707684377
735000.0,65.92474974547476
736000.0,65.88714223682392
737000.0,65.85732324548562
738000.0,65.89524501900158
739000.0,65.95834458157292
740000.0,65.9798027176329
741000.0,65.96723190352968
742000.0,65.92463288978604
743000.0,65.85798205483776
745000.0,65.81619096207865
746000.0,65.86233282471326
747000.0,65.90004997323761
748000.0,65.90138450954328
749000.0,65.8703282169318
750000.0,65.81352086826993
751000.0,65.7980718736006
753000.0,65.89268510227744
754000.0,65.9270477780246
755000.0,65.89361098858416
756000.0,65.83460117864904
757000.0,65.81707157872826
758000.0,65.86555209301504
759000.0,65.93737419122293
760000.0,65.96603346178097
761000.0,65.95970742895288
762000.0,65.92229728464471
763000.0,65.89238926097237
764000.0,65.93029771083727
765000.0,65.99335574346622
766000.0,66.01472440656086
767000.0,66.0020996106748
769000.0,65.92184931743265
770000.0,65.89348700050542
771000.0,65.93263358833093
772000.0,65.99702841032995
773000.0,66.01906183287137
774000.0,65.97480131117666
775000.0,65.90699762602102
776000.0,65.88192496598298
777000.0,65.92391576347855
779000.0,66.04699013313305
780000.0,66.06264642592221
781000.0,66.01294498398492
783000.0,65.94055396589803
784000.0,65.97498179079332
786000.0,66.02456547686482
789000.0,65.9989951461071
790000.0,66.02551277387839
791000.0,66.07891683221791
793000.0,66.10121201719555
794000.0,66.04816809264982
795000.0,66.00496946282964
796000.0,66.03160322417327
799000.0,66.0813619881458
800000.0,66.03235010184478
802000.0,65.96064118925297
804000.0,66.026462352389
805000.0,66.08185998341443
806000.0,66.09663535741201
807000.0,66.04620847325448
808000.0,65.97301077784091
809000.0,65.94365129843231
810000.0,65.98186257507194
811000.0,66.04551674211088
812000.0,66.06688433309773
814000.0,65.98236248980893
816000.0,65.98999005445381
817000.0,66.05270003205905
818000.0,66.07404829729263
820000.0,65.98903908808879
821000.0,65.92661648712084
822000.0,65.90604242048794
823000.0,65.95197963600539
825000.0,66.0191767120518
826000.0,65.98348371575909
827000.0,65.92232589734465
828000.0,65.90320710626644
829000.0,65.95003257965797
831000.0,66.08047184086773
832000.0,66.09911266409156
833000.0,66.08411417071461
835000.0,66.06123512257386
836000.0,66.08486498246957
837000.0,66.13577671168537
838000.0,66.14668079078797
839000.0,66.1252355561132
840000.0,66.07483823851867
841000.0,66.00168047837987
842000.0,65.97224971534762
844000.0,66.04451853033542
845000.0,66.07023771581667
846000.0,66.02932253739519
847000.0,65.96370862558653
849000.0,65.98448140113638
850000.0,66.05232419568777
851000.0,66.07751890927298
852000.0,66.06823207537245
855000.0,66.04888082321219
856000.0,66.07681722231099
857000.0,66.1313469839904
858000.0,66.14528271697085
860000.0,66.04901775426158
862000.0,65.98704053038233
863000.0,66.02512819010339
864000.0,66.05602791832177
865000.0,66.05144927883627
866000.0,66.01534963404164
867000.0,65.9539668350336
868000.0,65.93463642008565
869000.0,65.98145736821361
870000.0,66.05176911924755
871000.0,66.07906674966311
872000.0,66.03915850470241
873000.0,65.97491061601079
874000.0,65.95292113011082
875000.0,65.99750250826122
876000.0,66.06608385875333
877000.0,66.09173836249582
878000.0,66.0827507315409
879000.0,66.04296048936757
880000.0,65.97882260327404
881000.0,65.98909846390983
882000.0,66.05939148750706
885000.0,66.12474973903463
886000.0,66.07919832936935
887000.0,66.00979601747986
888000.0,65.98368174911738
889000.0,66.02452286005058
890000.0,66.08991616445311
891000.0,66.11348296384077
893000.0,66.03203622627794
894000.0,66.00298125098625
895000.0,66.04165857606098
896000.0,66.10523664785089
897000.0,66.1266845554031
898000.0,66.1141929235599
899000.0,66.07128845423938
900000.0,66.00435269318889
901000.0,65.98009896411187
902000.0,66.02279042130964
903000.0,66.05734823525825
905000.0,66.0547296424282
906000.0,66.02144482319267
907000.0,65.962640590621
909000.0,65.99392306181504
910000.0,66.06571777088485
911000.0,66.0941716939022
912000.0,66.05524819409452
913000.0,65.99186671929792
914000.0,65.97043190258762
915000.0,66.01532547675868
916000.0,66.08419806301562
917000.0,66.11063505814992
918000.0,66.10189473767797
919000.0,66.06227449866033
920000.0,65.99800684636865
921000.0,66.00843769297491
922000.0,66.07886306854417
924000.0,66.12757395997222
925000.0,66.08444906352949
926000.0,66.0172801830719
927000.0,65.99288186934466
928000.0,66.03520481884716
929000.0,66.06956070401884
931000.0,66.06671327321742
933000.0,66.00348209860697
934000.0,65.98153841350158
935000.0,66.0261602943912
936000.0,66.09466602606051
937000.0,66.12038387062911
938000.0,66.11145066091282
939000.0,66.07152676359874
941000.0,66.0754883325866
942000.0,66.13709368436882
943000.0,66.15680155742335
944000.0,66.1427357343689
945000.0,66.09853413948511
946000.0,66.03036163443788
947000.0,66.00498410795892
949000.0,66.02260668851486
950000.0,66.0294096164189
951000.0,66.00298653454463
953000.0,65.96649383444932
954000.0,66.01454822175353
957000.0,66.11034444284084
958000.0,66.1039481181424
959000.0,66.06629579939515
960000.0,66.00384004695637
961000.0,65.9833879704004
962000.0,66.02904500037266
963000.0,66.06624100063584
965000.0,66.00635089113042
966000.0,65.95328953572239
967000.0,65.94074973872449
969000.0,65.97804132709625
970000.0,65.9925442516236
971000.0,65.97254146315342
972000.0,65.92487796623573
973000.0,65.9169498473974
974000.0,65.97318883669973
975000.0,66.05172461793349
976000.0,66.08585964704568
977000.0,66.08390839199676
978000.0,66.05014594385183
979000.0,66.02303872292318
984000.0,66.05265482628322
985000.0,66.02390298271604
986000.0,65.96888046378655
987000.0,65.9547026355572
988000.0,66.00568020761528
989000.0,66.04727386772966
990000.0,66.05177877966203
991000.0,66.02334365640807
992000.0,65.96848185295008
993000.0,65.95453823835061
994000.0,66.00569010624334
995000.0,66.04745618687492
996000.0,66.05214914233412
997000.0,66.02383944079203
998000.0,65.96913396066805
999000.0,65.95525667433265
1000000.0,66.00636006147008
1001000.0,66.08041445612983
1002000.0,66.1110742687595
1003000.0,66.1061405832353
1004000.0,66.06992280352951
1005000.0,66.04081732581928
1006000.0,66.07932701060179
1007000.0,66.14264962782079
1010000.0,66.19270689016098
1011000.0,66.1433968447498
1013000.0,66.1325451042071
1015000.0,66.1737823749029
1016000.0,66.15973772760934
1017000.0,66.11583815995454
1018000.0,66.04791564797696
1019000.0,66.02290350361054
1020000.0,66.06479800265394
1022000.0,66.1255689502165
1023000.0,66.08704751379727
1024000.0,66.02376201948495
1026000.0,66.04776767083068
1027000.0,66.11696573683034
1028000.0,66.14317037683674
1029000.0,66.13448658630342
1030000.0,66.09492927378794
1031000.0,66.03062361547033
1033000.0,65.99175376333615
1034000.0,66.03887152119498
1035000.0,66.07711414481601
1036000.0,66.07882068578151
1037000.0,66.04804970641587
1038000.0,65.9911216909103
1039000.0,65.97537662918415
1040000.0,66.02498126458389
1041000.0,66.09793343989492
1042000.0,66.12746532444407
1044000.0,66.0553116700591
1045000.0,66.02985741248735
1046000.0,66.07145694816825
1048000.0,66.13175997704542
1049000.0,66.1253591549952
1050000.0,66.08762056249506
1052000.0,66.09488662319254
1053000.0,66.15735043670927
1054000.0,66.17804761079522
1055000.0,66.1646736949763
1056000.0,66.12128358141864
1057000.0,66.05362447484984
1058000.0,66.02881116307043
1059000.0,66.07093155433604
1060000.0,66.13742737192938
1062000.0,66.18008719417386
1065000.0,66.14627545288339
1067000.0,66.19298261750738
1068000.0,66.20915152505953
1069000.0,66.19160856798415
1071000.0,66.10307679381064
1072000.0,66.07125893854466
1073000.0,66.10748748086219
1074000.0,66.16909898226189
1075000.0,66.18875976619404
1076000.0,66.17465271611819
1077000.0,66.13033401250917
1078000.0,66.09458201217396
1079000.0,66.1275073242466
1080000.0,66.18608031942205
1082000.0,66.21613581016923
1083000.0,66.16567462931259
1084000.0,66.09226524846737
1085000.0,66.09498786987987
1086000.0,66.15872711949663
1088000.0,66.19709908950612
1089000.0,66.18220099469231
1090000.0,66.1373021949574
1091000.0,66.06858072774654
1092000.0,66.04274548606735
1093000.0,66.08399967148955
1094000.0,66.14977287951561
1096000.0,66.1910261530138
1097000.0,66.1450823824163
1098000.0,66.0752994939879
1099000.0,66.08103428497978
1101000.0,66.20356706328633
1102000.0,66.21880037930661
1103000.0,66.16858183087153
1104000.0,66.09541804994913
1105000.0,66.06595728027614
1106000.0,66.10408851992719
1107000.0,66.1670259205791
1108000.0,66.18799129290218
1109000.0,66.17499297967608
1110000.0,66.13164098956929
1112000.0,66.00748877616637
1113000.0,65.99153387475535
1114000.0,66.0410705758734
1115000.0,66.11369291714402
1117000.0,66.1047647838316
1118000.0,66.04153531268575
1120000.0,66.06559280277138
1121000.0,66.13463643181896
1122000.0,66.1611573865826
1123000.0,66.15250063871264
1124000.0,66.11291503354899
1125000.0,66.04856398566383
1126000.0,65.96171580597822
