339000.0,50.4050944626368
340000.0,50.6636664711335
341000.0,50.89274773747869
342000.0,51.10316857534504
343000.0,51.29751066113101
344000.0,51.47804701247043
345000.0,51.64006266430398
346000.0,51.806699497285656
347000.0,52.003736549046366
348000.0,52.22695784333463
349000.0,52.47279236447771
350000.0,52.76566418250734
351000.0,53.125242348571085
352000.0,53.54243331303961
353000.0,54.036596314217384
354000.0,54.59618963595869
355000.0,55.21296792162463
356000.0,55.87832607613848
357000.0,56.58684012485953
358000.0,57.35863555069017
359000.0,58.15792781830505
360000.0,58.98202855976973
361000.0,59.79889912594305
363000.0,61.05688127616771
364000.0,61.48204929129943
365000.0,61.84432902712537
368000.0,62.88564051800071
369000.0,63.17304339204424
370000.0,63.36879834868684
371000.0,63.48599089787993
372000.0,63.57611195309033
373000.0,63.68272239864571
374000.0,63.84416350095678
375000.0,64.01035743265811
376000.0,64.12862306916634
377000.0,64.17804457887009
378000.0,64.1701543344571
379000.0,64.19266591426184
380000.0,64.24931662731157
381000.0,64.3179640649196
382000.0,64.39681853287506
383000.0,64.44812670562489
384000.0,64.44059760011676
385000.0,64.40980796188308
386000.0,64.4400047842041
387000.0,64.5477750394905
388000.0,64.64129052793815
389000.0,64.67011516995423
390000.0,64.64450615097638
391000.0,64.61061627029511
392000.0,64.61037891421313
393000.0,64.67962133586872
394000.0,64.79357002606554
396000.0,64.92927737165272
397000.0,64.93314670301771
398000.0,64.88471524293142
399000.0,64.8461155265019
400000.0,64.86841080212045
401000.0,64.94306995941052
402000.0,65.00780346147269
403000.0,65.01180580913073
404000.0,64.96386241704869
405000.0,64.89775195727181
406000.0,64.87030301097016
407000.0,64.92920700838332
408000.0,65.0067615584638
409000.0,65.03527101193436
410000.0,65.03479302510922
411000.0,65.00929465946399
412000.0,64.9627195895264
413000.0,64.96561987287946
414000.0,65.04970634994427
415000.0,65.12266203934954
416000.0,65.13349990637137
417000.0,65.11835992891713
418000.0,65.10698837016992
419000.0,65.09889979705116
420000.0,65.14846536688206
421000.0,65.2451567631089
422000.0,65.30280364955121
423000.0,65.30037028692448
424000.0,65.24629260364208
425000.0,65.14772875035037
426000.0,65.02453098586099
427000.0,64.89319185974615
428000.0,64.76824271994629
429000.0,64.63505838634649
430000.0,64.48176871087001
431000.0,64.32430255705961
432000.0,64.14955070789333
433000.0,63.974114328962266
434000.0,63.79705265135286
435000.0,63.61953465001185
436000.0,63.46786686167181
437000.0,63.3382345705361
438000.0,63.20051874690644
439000.0,63.056657524336885
440000.0,62.93443715354205
441000.0,62.84349339660548
442000.0,62.79298942120105
443000.0,62.76366292775957
444000.0,62.73958818128145
445000.0,62.74719482414044
446000.0,62.78091758042483
447000.0,62.81100027289608
448000.0,62.86530296940614
449000.0,62.939320967977125
452000.0,63.18599192597415
454000.0,63.40210095757047
455000.0,63.542804951735775
456000.0,63.69136189230191
458000.0,63.88015567525731
459000.0,63.93153716108427
460000.0,63.97698027216645
461000.0,64.04468760877486
463000.0,64.15292572254138
464000.0,64.17227685972713
465000.0,64.19015386664199
466000.0,64.23412545043713
467000.0,64.29935939411888
468000.0,64.35631897455707
469000.0,64.37943436831746
470000.0,64.37430682099247
471000.0,64.37106578016497
472000.0,64.39684584786173
473000.0,64.44636996161853
475000.0,64.476769913265
476000.0,64.46505796363984
478000.0,64.50177566945693
479000.0,64.54354883667007
480000.0,64.58057966105743
483000.0,64.59514749311667
484000.0,64.6033649428543
485000.0,64.63767318258424
486000.0,64.64101247217658
487000.0,64.6185809495627
488000.0,64.60045674724626
489000.0,64.61330200027798
490000.0,64.65175334948135
491000.0,64.68588209369523
492000.0,64.68893115525296
493000.0,64.66661626522307
494000.0,64.67562492410292
495000.0,64.7107936613019
496000.0,64.74177830831165
497000.0,64.74230219853268
498000.0,64.71747192162198
499000.0,64.69728463384219
500000.0,64.70829071620359
501000.0,64.74503350695295
502000.0,64.7776406022508
504000.0,64.78053204712938
505000.0,64.75768818908824
506000.0,64.76623564157101
507000.0,64.8010301370555
508000.0,64.83187685327636
509000.0,64.83211548188895
510000.0,64.80691707796234
511000.0,64.78629327637043
512000.0,64.79683424469172
513000.0,64.83325874174768
514000.0,64.8654762393294
516000.0,64.86756681299651
517000.0,64.87179533113601
520000.0,64.95453515672892
521000.0,64.9493107203469
522000.0,64.91951209214551
523000.0,64.92215182864308
524000.0,64.95157051100088
525000.0,64.97778129966929
526000.0,64.97386999433053
527000.0,64.94516607272851
529000.0,64.90173761894194
530000.0,64.91297860194146
531000.0,64.94994991401677
532000.0,64.98261584398038
533000.0,64.98421770139421
534000.0,64.96028910637082
535000.0,64.96798530202098
536000.0,65.00169237063653
537000.0,65.03159788828127
538000.0,65.05774955523215
539000.0,65.05431439825524
540000.0,65.025847550257
541000.0,65.02968211763329
542000.0,65.087495002098
543000.0,65.1368404934553
544000.0,65.12668663169401
545000.0,65.09251000473763
546000.0,65.09127429663145
547000.0,65.1172352119716
548000.0,65.1404729873537
549000.0,65.160854272723
550000.0,65.15223556159386
551000.0,65.11950172959028
552000.0,65.11955770953128
553000.0,65.17406924075772
554000.0,65.22059728990095
556000.0,65.19636583795727
557000.0,65.16238830149376
559000.0,65.16250483134706
560000.0,65.21658003741034
561000.0,65.2628221181011
562000.0,65.277150193291
563000.0,65.26293387287046
564000.0,65.22520366373266
565000.0,65.22087659390874
566000.0,65.27163117123314
567000.0,65.31500824199814
568000.0,65.299280916884
569000.0,65.26035271573053
570000.0,65.25504038197583
571000.0,65.30486259029486
572000.0,65.34734267275006
573000.0,65.35830042914952
574000.0,65.34115867204905
575000.0,65.30087382445197
576000.0,65.29443311933609
577000.0,65.34314758236609
578000.0,65.38473862680071
579000.0,65.3950354654859
580000.0,65.37722778987627
581000.0,65.33634733414821
583000.0,65.3254044619402
584000.0,65.37476251781182
585000.0,65.416889125035
586000.0,65.42771794105388
587000.0,65.41040498084962
588000.0,65.36984630124668
591000.0,65.35735628499688
592000.0,65.3806037943829
593000.0,65.37404194747629
594000.0,65.34266218515656
595000.0,65.34376001044774
596000.0,65.39879291534264
597000.0,65.44587215354092
598000.0,65.43342160333549
599000.0,65.39714068987837
600000.0,65.3939852065374
601000.0,65.44537376842206
602000.0,65.48920684816754
603000.0,65.50143338073991
604000.0,65.48526260765725
605000.0,65.44586245119652
607000.0,65.43658159358611
608000.0,65.48661321016422
609000.0,65.5566481508507
610000.0,65.59018388345706
611000.0,65.56607553334419
612000.0,65.51983516532293
613000.0,65.50803936455063
615000.0,65.59177034792896
616000.0,65.62425310831128
617000.0,65.59938446426325
619000.0,65.56449287117506
621000.0,65.58834510899194
622000.0,65.59869984176729
623000.0,65.58091129723661
624000.0,65.5397962292061
625000.0,65.53244638594143
626000.0,65.5804380230027
627000.0,65.62109079561716
628000.0,65.6304785949756
629000.0,65.61172298707721
630000.0,65.56989304380019
633000.0,65.62922643231438
634000.0,65.66729276577925
637000.0,65.61222909354447
638000.0,65.6021939861082
640000.0,65.636699751382
641000.0,65.65091367263872
642000.0,65.63665341256761
643000.0,65.5987077861323
644000.0,65.59395479024758
645000.0,65.64388927208617
646000.0,65.68636781953488
647000.0,65.6971949411162
648000.0,65.67976024949081
649000.0,65.6391418540349
650000.0,65.63175004438328
652000.0,65.67058123866076
653000.0,65.68656084881425
655000.0,65.66188521134282
656000.0,65.65466316133522
657000.0,65.70237983461492
659000.0,65.77698891436529
660000.0,65.75463539084018
662000.0,65.72369222597754
663000.0,65.76466851607513
664000.0,65.79975129832553
667000.0,65.73753498667814
668000.0,65.69828192234395
669000.0,65.69247197577928
670000.0,65.7415118535585
671000.0,65.78308853613758
673000.0,65.74980602443105
674000.0,65.71185572414086
675000.0,65.70704228529567
676000.0,65.75696348336633
677000.0,65.79909937861532
679000.0,65.76693362245467
681000.0,65.8019206802303
682000.0,65.86755185284859
683000.0,65.89718224162489
684000.0,65.89700621923433
686000.0,65.8457828834052
687000.0,65.82779730443339
688000.0,65.86619658191114
689000.0,65.89881939515197
690000.0,65.90107452818523
691000.0,65.87600486262113
692000.0,65.8286645132388
693000.0,65.81578294381592
695000.0,65.89759553235584
697000.0,65.95485470055108
698000.0,65.92552726004318
699000.0,65.87433743779658
700000.0,65.8580360265584
701000.0,65.89795744629798
702000.0,65.93197268381238
703000.0,65.93511557090149
704000.0,65.9109909646173
705000.0,65.8643460241687
706000.0,65.8520643453303
707000.0,65.89530801243671
708000.0,65.95934391561045
709000.0,65.98742153505935
710000.0,65.9583763218731
711000.0,65.90778558580752
712000.0,65.89187144719735
713000.0,65.93224195358437
714000.0,65.99353259464903
715000.0,66.01928289691847
716000.0,65.98847979724295
717000.0,65.93591346039833
718000.0,65.91855218488745
719000.0,65.95762530133538
721000.0,66.06982830911565
722000.0,66.0877776521309
723000.0,66.0499938369867
724000.0,65.99170514500067
725000.0,65.9693313078901
726000.0,66.0039423013136
727000.0,66.03310164132796
728000.0,66.0323130053326
729000.0,66.00456478321192
730000.0,65.95484863260914
731000.0,65.93978968735422
732000.0,65.98085335708973
733000.0,66.04283467496523
734000.0,66.06917258026031
735000.0,66.06585485388128
736000.0,66.03598653001058
737000.0,66.01195306858077
738000.0,66.04512697336098
739000.0,66.10021743458417
740000.0,66.12079838626612
741000.0,66.11255816069688
742000.0,66.07849106833926
743000.0,66.02321646763144
745000.0,65.98840178708431
746000.0,66.02757331508923
747000.0,66.06081720085821
748000.0,66.06296260207657
749000.0,66.03832720619594
750000.0,65.99109865452095
751000.0,65.97815271827778
753000.0,66.05940085795659
754000.0,66.09030313067598
755000.0,66.06372505393011
756000.0,66.01472456121695
757000.0,66.00049356269702
758000.0,66.04216700972718
759000.0,66.10452235549606
760000.0,66.13142693385242
761000.0,66.12837310891939
762000.0,66.09879604887028
763000.0,66.07481576481678
764000.0,66.10793881449297
765000.0,66.16318184651136
766000.0,66.1838594127668
767000.0,66.1754995338386
769000.0,66.1107499047451
770000.0,66.08735781308593
771000.0,66.1210490091336
772000.0,66.1767133034703
773000.0,66.19745561026383
774000.0,66.16220661173415
775000.0,66.10579617650937
776000.0,66.08493669219357
777000.0,66.12081819602678
779000.0,66.2280752516996
780000.0,66.24385428936725
781000.0,66.20412111530916
783000.0,66.14495702412034
784000.0,66.17480832850404
786000.0,66.21991739429556
789000.0,66.20214686129741
790000.0,66.22568925528691
791000.0,66.27247745780396
793000.0,66.29614885244648
794000.0,66.25304602337079
795000.0,66.21754517712267
796000.0,66.24072441676654
799000.0,66.2877566174214
800000.0,66.24780391051074
802000.0,66.1877310504045
804000.0,66.24401130137842
805000.0,66.29214597384367
806000.0,66.3066392974752
807000.0,66.26570499857203
808000.0,66.20455049146884
809000.0,66.17965298655889
810000.0,66.21185284541316
811000.0,66.26629086764453
812000.0,66.28597581364147
814000.0,66.21718175581354
816000.0,66.22433618855872
817000.0,66.27854624540299
818000.0,66.29807206864498
820000.0,66.22906595028633
821000.0,66.17643319706974
822000.0,66.15870050691336
823000.0,66.19733620767474
825000.0,66.25622342259908
826000.0,66.22707313631724
827000.0,66.17635178270754
828000.0,66.16008383254277
829000.0,66.19985604971987
831000.0,66.31277192445239
832000.0,66.33092648178157
833000.0,66.32055080502944
835000.0,66.30463880714044
836000.0,66.32610666108928
837000.0,66.37101438160718
838000.0,66.38252575942765
839000.0,66.36644845291227
840000.0,66.32550242253821
841000.0,66.26422048686902
842000.0,66.2390744517482
844000.0,66.30039950537297
845000.0,66.3231733362245
846000.0,66.2896703394004
847000.0,66.23482340452699
849000.0,66.2518385451749
850000.0,66.30990900151346
851000.0,66.33272261282583
852000.0,66.32643707481145
855000.0,66.31352981700883
856000.0,66.33818972318956
857000.0,66.38585258698461
858000.0,66.39992440383585
860000.0,66.32174238369512
862000.0,66.2691540684077
863000.0,66.30143805572744
864000.0,66.32823002405524
865000.0,66.32518070017099
866000.0,66.29561812894745
867000.0,66.24413033872389
868000.0,66.22717905478838
869000.0,66.26648147144705
870000.0,66.32665015679584
871000.0,66.3512523655791
872000.0,66.31925114003263
873000.0,66.2654449738371
874000.0,66.24681014510396
875000.0,66.28458259869166
876000.0,66.3432845982705
877000.0,66.36689617221376
878000.0,66.36102395755218
879000.0,66.32883058288282
880000.0,66.27535777193751
881000.0,66.28407534872724
882000.0,66.34421612819646
885000.0,66.40476030822131
886000.0,66.36806447222563
887000.0,66.3102001093654
888000.0,66.287929703944
889000.0,66.32250809100233
890000.0,66.37879454439114
891000.0,66.39995785891905
893000.0,66.33319796112187
894000.0,66.30881567032333
895000.0,66.34143490983854
896000.0,66.39610040039656
897000.0,66.41625969419947
898000.0,66.40690536945667
899000.0,66.37195160310647
900000.0,66.31586616326008
901000.0,66.29517324898981
902000.0,66.33112599461214
903000.0,66.36105447267128
905000.0,66.36056236660168
906000.0,66.33315450597357
907000.0,66.28346652733535
909000.0,66.30910029422584
910000.0,66.37050322823222
911000.0,66.39606272035931
912000.0,66.36463207845448
913000.0,66.3116194520947
914000.0,66.29353387861036
915000.0,66.33176195910006
916000.0,66.39104061398427
917000.0,66.41476238750329
918000.0,66.40911809398719
919000.0,66.37711038306381
920000.0,66.32345115788048
921000.0,66.33218946417095
922000.0,66.39223258276678
924000.0,66.43650701328527
925000.0,66.40165664053166
926000.0,66.34542914308173
927000.0,66.32464888237878
928000.0,66.36055752361867
929000.0,66.39041639287322
931000.0,66.38970379577152
933000.0,66.3378265022345
934000.0,66.31901122123831
935000.0,66.35656766730536
936000.0,66.41511394696738
937000.0,66.4386643957465
938000.0,66.43253336217884
939000.0,66.40013017125335
941000.0,66.4046092057602
942000.0,66.45760500110747
943000.0,66.4760391605442
944000.0,66.46562801207378
945000.0,66.4296254421076
946000.0,66.37273559580171
947000.0,66.3510191204003
949000.0,66.36542073012777
950000.0,66.37128397143478
951000.0,66.34901128464763
953000.0,66.3173817598393
954000.0,66.35779851716747
957000.0,66.44253457728036
958000.0,66.43864555177277
959000.0,66.40815427923008
960000.0,66.35560930355179
961000.0,66.3379594127095
962000.0,66.37660770541284
963000.0,66.40883413044102
965000.0,66.35957901987261
966000.0,66.31484302718917
967000.0,66.30368014765104
969000.0,66.33481227012838
970000.0,66.34703388185041
971000.0,66.3306793870037
972000.0,66.29038787892677
973000.0,66.28320268443204
974000.0,66.33076307866068
975000.0,66.39779621848245
976000.0,66.42851203767701
977000.0,66.42868636290729
978000.0,66.42903556687402
979000.0,66.42945475085708
984000.0,66.43211255906841
985000.0,66.40532752146741
986000.0,66.35624104793979
987000.0,66.34155675279953
988000.0,66.3823271867417
989000.0,66.41661234356857
990000.0,66.41988651455024
991000.0,66.39549413899773
992000.0,66.34837655058301
993000.0,66.33531437598636
994000.0,66.37764017763446
995000.0,66.41316277884717
996000.0,66.41753704976449
997000.0,66.39401696286023
998000.0,66.34768335075945
999000.0,66.33535011460896
1000000.0,66.37820760106854
1001000.0,66.44165462109268
1002000.0,66.46888426128203
1003000.0,66.46619385328603
1004000.0,66.43658610349182
1005000.0,66.41250502829298
1006000.0,66.44545135722885
1007000.0,66.50022348933078
1010000.0,66.54851704354637
1011000.0,66.50834883364618
1013000.0,66.50012378682001
1015000.0,66.53717117391199
1016000.0,66.52647053639993
1017000.0,66.48998332072198
1018000.0,66.4324979074122
1019000.0,66.41060912195618
1020000.0,66.44543385976988
1022000.0,66.49779372930398
1023000.0,66.46590871919494
1024000.0,66.41235608112693
1026000.0,66.43130868499753
1027000.0,66.4900701739191
1028000.0,66.51330166131297
1029000.0,66.50720663387574
1030000.0,66.47475404968394
1031000.0,66.42056631768271
1033000.0,66.38673010992382
1034000.0,66.42601819554338
1035000.0,66.45884927360107
1036000.0,66.46100382015247
1037000.0,66.43548934515614
1038000.0,66.38739585627303
1039000.0,66.37348998958292
1040000.0,66.41509255656608
1041000.0,66.4773303887126
1042000.0,66.50357003062783
1044000.0,66.44489475627013
1045000.0,66.4235414131175
1046000.0,66.45887068908857
1048000.0,66.51210662830432
1049000.0,66.50786592823535
1050000.0,66.4769328320432
1052000.0,66.4835919712536
1053000.0,66.53733757076853
1054000.0,66.55638777972521
1055000.0,66.54654172949188
1056000.0,66.51087128131181
1057000.0,66.4541586787078
1058000.0,66.43259435665549
1059000.0,66.46732148194826
1060000.0,66.52406467715811
1062000.0,66.56299081237238
1065000.0,66.53707716338049
1067000.0,66.5780546983332
1068000.0,66.59259226206038
1069000.0,66.57903651482388
1071000.0,66.50518747806461
1072000.0,66.47780448038895
1073000.0,66.5077822938162
1074000.0,66.56006727701343
1075000.0,66.57810680586343
1076000.0,66.56686501888508
1077000.0,66.53022838931057
1078000.0,66.49988324987979
1079000.0,66.52739532143104
1080000.0,66.57756647586918
1082000.0,66.60569601546355
1083000.0,66.56410076665908
1084000.0,66.50233445203666
1085000.0,66.50379242722326
1086000.0,66.557607922937
1088000.0,66.59184780308932
1089000.0,66.57997321599382
1090000.0,66.54268377816341
1091000.0,66.4842806584422
1092000.0,66.46144428340926
1093000.0,66.49549279991817
1094000.0,66.55094574627714
1096000.0,66.58787299913756
1097000.0,66.54973691727555
1098000.0,66.49081917131093
1099000.0,66.49493309927367
1101000.0,66.5992911089712
1102000.0,66.61362546392729
1103000.0,66.57235748273345
1104000.0,66.51075260439782
1105000.0,66.48521700598002
1106000.0,66.51678930985784
1107000.0,66.5703904549026
1108000.0,66.58915574438235
1109000.0,66.57892155503055
1110000.0,66.54303924580032
1112000.0,66.43685096360946
1113000.0,66.42203482064207
1114000.0,66.46302285984349
1115000.0,66.52457901922644
1117000.0,66.51864917095091
1118000.0,66.46512384976002
1120000.0,66.48448833711292
1121000.0,66.54344263086927
1122000.0,66.56684613140811
1123000.0,66.56075224698907
1124000.0,66.52814051221338
1125000.0,66.47385312570586
1126000.0,66.3996939741937
