339000.0,50.40509993982759
340000.0,50.6628063473897
341000.0,50.891224411154795
342000.0,51.101138872596614
343000.0,51.295107429896284
344000.0,51.4753870299931
345000.0,51.637279271444385
346000.0,51.80381912897955
347000.0,52.0007870449147
348000.0,52.22400169515691
349000.0,52.46990357602523
350000.0,52.76288297256016
351000.0,53.122667636752716
352000.0,53.54027644246054
353000.0,54.03475642697541
354000.0,54.59474951076774
355000.0,55.21255645233834
356000.0,55.878995691942826
357000.0,56.588806587377775
358000.0,57.36214178373962
359000.0,58.16336421680531
360000.0,58.98977456557442
361000.0,59.80932408798782
363000.0,61.07323178209287
364000.0,61.50210716164254
365000.0,61.86760282436658
368000.0,62.91872767754842
369000.0,63.20967473465083
370000.0,63.408959183693305
371000.0,63.52957427478998
372000.0,63.62298604823424
373000.0,63.73261990096798
374000.0,63.897237870726826
375000.0,64.0665054732496
376000.0,64.18803652862653
377000.0,64.24045004932024
378000.0,64.23561856063438
379000.0,64.26097748926651
380000.0,64.32049437193311
381000.0,64.3918353940154
382000.0,64.47322139414254
383000.0,64.52704098823342
384000.0,64.52215185260357
385000.0,64.49404391875875
386000.0,64.52685930150338
387000.0,64.63700506786637
388000.0,64.73287165856613
389000.0,64.7640592941524
390000.0,64.73952444124347
391000.0,64.70809283481513
392000.0,64.71014267737529
393000.0,64.78171188877826
394000.0,64.8980077396656
396000.0,65.03824995922699
397000.0,65.04440995111403
398000.0,64.99853474481574
399000.0,64.96217771748086
400000.0,64.98648964824558
401000.0,65.06307044612555
402000.0,65.12989885512643
403000.0,65.13589210338992
404000.0,65.08977084347983
405000.0,65.02561054397539
406000.0,64.99984462190893
407000.0,65.06038791769245
408000.0,65.13971487868045
409000.0,65.17007474605246
410000.0,65.171448416559
411000.0,65.14778112986372
412000.0,65.102994266021
413000.0,65.10772322101568
414000.0,65.19340861500774
415000.0,65.26792217033525
416000.0,65.28060841534669
417000.0,65.26708661155803
418000.0,65.25735318063613
419000.0,65.2510177248948
420000.0,65.30200669715354
421000.0,65.40011285870469
422000.0,65.45917470334655
423000.0,65.45835552370431
424000.0,65.40589317483813
425000.0,65.30890800389676
426000.0,65.18722279502097
427000.0,65.05727265789527
428000.0,64.93382306126847
429000.0,64.8017994547437
430000.0,64.64957023118063
431000.0,64.49317616185263
432000.0,64.31939452086475
433000.0,64.14489240056766
434000.0,63.96855807700007
435000.0,63.791713992177876
436000.0,63.64063010923517
437000.0,63.51168336524103
438000.0,63.37436924175451
439000.0,63.231050800883885
440000.0,63.108687656800484
441000.0,63.01801452062967
442000.0,62.96783611283386
443000.0,62.93874242804936
444000.0,62.915013764130606
445000.0,62.92268235933786
446000.0,62.956697042416096
447000.0,62.987041989937296
448000.0,63.04153181004108
449000.0,63.11607087696365
452000.0,63.364065662286066
454000.0,63.58105489459777
455000.0,63.72201938721349
456000.0,63.87104854753382
458000.0,64.06132259093704
459000.0,64.11352009942735
460000.0,64.15978976709093
461000.0,64.22831190005385
463000.0,64.33823165836428
464000.0,64.35832817294488
465000.0,64.37690052027062
466000.0,64.42143733919056
467000.0,64.4874169063004
468000.0,64.54520340359211
469000.0,64.56904821462366
470000.0,64.564532027238
471000.0,64.56202750844353
472000.0,64.58836222224149
473000.0,64.63856734063036
475000.0,64.6702741686074
476000.0,64.65930017313839
478000.0,64.69676356166362
479000.0,64.73935582414734
480000.0,64.77680177073705
483000.0,64.79328446841696
484000.0,64.80203662428835
485000.0,64.83693620247607
486000.0,64.84076950215788
487000.0,64.81881779820067
488000.0,64.80115836033461
489000.0,64.81445771434402
490000.0,64.8532231720698
491000.0,64.88776458194639
492000.0,64.89138869146
493000.0,64.86933868570779
494000.0,64.87866909741321
495000.0,64.91410134962885
496000.0,64.94535949562484
497000.0,64.94625054472006
498000.0,64.92199922143251
499000.0,64.90215229527573
500000.0,64.91346937597686
501000.0,64.95054797271435
502000.0,64.98352536412061
504000.0,64.98712819119005
505000.0,64.96461337510064
506000.0,64.97362684158242
507000.0,65.00862343162268
508000.0,65.03973162323686
509000.0,65.04045593633568
510000.0,65.01552175585964
511000.0,64.99539534302889
512000.0,65.00608573784233
513000.0,65.04256520466055
514000.0,65.07499771914327
516000.0,65.07768206887042
517000.0,65.08191202840747
520000.0,65.16508678228085
521000.0,65.16004934207945
522000.0,65.13044452091123
523000.0,65.13319632261067
524000.0,65.16266733050767
525000.0,65.18878752381482
526000.0,65.1850709096658
527000.0,65.15648572340088
529000.0,65.11371782248285
530000.0,65.125153811957
531000.0,65.16216802546404
532000.0,65.19474941073217
533000.0,65.19644268971776
534000.0,65.17265235266504
535000.0,65.18037712484156
536000.0,65.21414333638052
537000.0,65.24412713623391
538000.0,65.27082060998661
539000.0,65.26735505940057
540000.0,65.23912600608739
541000.0,65.24294734777214
542000.0,65.30059911485999
543000.0,65.34981916672868
544000.0,65.33970756036894
545000.0,65.3056801867754
546000.0,65.30452779616775
547000.0,65.3305126810293
548000.0,65.35375205334186
549000.0,65.37459093135543
550000.0,65.36605494860447
551000.0,65.33325495380946
552000.0,65.33321479705371
553000.0,65.38759995418555
554000.0,65.43405780041864
556000.0,65.40985288136656
557000.0,65.37584741321443
559000.0,65.3758524102509
560000.0,65.42975773798497
561000.0,65.4758253733556
562000.0,65.49013217214699
563000.0,65.47579831038797
564000.0,65.43823766768669
565000.0,65.43385773151972
566000.0,65.4844447936927
567000.0,65.52769968439753
568000.0,65.51205960441347
569000.0,65.47303750884986
570000.0,65.46754595446492
571000.0,65.51719723378373
572000.0,65.55988271183965
573000.0,65.57056724490018
574000.0,65.55339674254473
575000.0,65.51307175304672
576000.0,65.50651586666574
577000.0,65.55515890887084
578000.0,65.59656290398681
579000.0,65.60671575206166
580000.0,65.58883316540752
581000.0,65.54793026768199
583000.0,65.53648298194057
584000.0,65.58569685971273
585000.0,65.62772027475884
586000.0,65.63844302562387
587000.0,65.62101438507297
588000.0,65.5803373848183
591000.0,65.56724363646951
592000.0,65.59026070112067
593000.0,65.58350360458337
594000.0,65.55204604762187
595000.0,65.55290877755064
596000.0,65.60754729370642
597000.0,65.65426480158494
598000.0,65.64158985469153
599000.0,65.6051458836846
600000.0,65.6018109412766
601000.0,65.65315868377256
602000.0,65.69685661842209
603000.0,65.70878031271533
604000.0,65.69233478367242
605000.0,65.65257581703688
607000.0,65.64303053286736
608000.0,65.69289889287664
609000.0,65.76241460005996
610000.0,65.79573552420706
611000.0,65.7718925551226
612000.0,65.72534045658864
613000.0,65.71321188508374
615000.0,65.79648555133312
616000.0,65.82868507314535
617000.0,65.80339012725176
619000.0,65.76819216764574
621000.0,65.79164853198998
622000.0,65.80177578287497
623000.0,65.78365734391912
624000.0,65.74264665594976
625000.0,65.7350781788461
626000.0,65.78268476676584
627000.0,65.82296296502916
628000.0,65.83194341873138
629000.0,65.8129138280992
630000.0,65.77087380546907
633000.0,65.82897731434737
634000.0,65.86680442699392
637000.0,65.81085147557881
638000.0,65.8005944697319
640000.0,65.83478016605504
641000.0,65.84899126064654
642000.0,65.83445936002221
643000.0,65.79605990912991
644000.0,65.79097459818009
645000.0,65.8404196654015
646000.0,65.88258262544952
647000.0,65.89303832828222
648000.0,65.87529716509243
649000.0,65.8341761706571
650000.0,65.8266972872083
652000.0,65.86475299865184
653000.0,65.88057920383804
655000.0,65.85510505626432
656000.0,65.84760349179575
657000.0,65.89505526777751
659000.0,65.96879945246873
660000.0,65.94600904638854
662000.0,65.91454757684575
663000.0,65.95557488505145
664000.0,65.99019230331663
667000.0,65.92694342122851
668000.0,65.88743480581287
669000.0,65.8812352768093
670000.0,65.92988403101924
671000.0,65.97116208678896
673000.0,65.93722716385076
674000.0,65.89880743693485
675000.0,65.89350527950782
676000.0,65.94272096273698
677000.0,65.98456584511389
679000.0,65.95172968379497
681000.0,65.98596177629793
682000.0,66.05121884827932
683000.0,66.0805085251813
684000.0,66.08000649358983
686000.0,66.02818282707167
687000.0,66.00984546718233
688000.0,66.04784380624325
689000.0,66.07997739917855
690000.0,66.08175973135548
691000.0,66.05642247338547
692000.0,66.00874857621196
693000.0,65.99546751103802
695000.0,66.07618767417667
697000.0,66.13283887071462
698000.0,66.10310882900203
699000.0,66.05178637095327
700000.0,66.03524534860657
701000.0,66.07468266992396
702000.0,66.1080459218168
703000.0,66.11101133282023
704000.0,66.08650246536193
705000.0,66.03957715946001
706000.0,66.02694787783452
707000.0,66.06975468836985
708000.0,66.13340615208486
709000.0,66.16113905610493
710000.0,66.13181096580925
711000.0,66.08091350616944
712000.0,66.06464059449223
713000.0,66.1045973412979
714000.0,66.16550526927347
715000.0,66.19089547636295
716000.0,66.15979314383218
717000.0,66.1069050048547
718000.0,66.0891601161321
719000.0,66.12778120000183
721000.0,66.23916304607093
722000.0,66.25691986069324
723000.0,66.2188713819503
724000.0,66.16019319917275
725000.0,66.13744354202234
726000.0,66.1715632899081
727000.0,66.20034423632124
728000.0,66.1988440636879
729000.0,66.1708395705925
730000.0,66.12074406035258
731000.0,66.10539809553951
732000.0,66.14606595225679
733000.0,66.20758522402184
734000.0,66.23345695919771
735000.0,66.22987083305438
736000.0,66.1996571920747
737000.0,66.17525104884652
738000.0,66.20807457741485
739000.0,66.2628591049874
740000.0,66.28308525751301
741000.0,66.27450252845831
742000.0,66.24016267761803
743000.0,66.18469883864387
745000.0,66.14862647565378
746000.0,66.18759396077026
747000.0,66.22028073536472
748000.0,66.22235360058531
749000.0,66.19717248360479
750000.0,66.14939948622256
751000.0,66.13595659968479
753000.0,66.21621797778256
754000.0,66.24680426454039
755000.0,66.21999262287954
756000.0,66.17101666419202
757000.0,66.15632066637232
758000.0,66.19754013653858
759000.0,66.25947129005101
760000.0,66.28564684172213
761000.0,66.28213942168475
762000.0,66.25247348288862
763000.0,66.22814464357975
764000.0,66.26064391189976
765000.0,66.31545943003822
766000.0,66.33550028193918
767000.0,66.32693136990986
769000.0,66.26183544276323
770000.0,66.23806270119036
771000.0,66.27126599747103
772000.0,66.32641635814194
773000.0,66.34687515072446
774000.0,66.31116267534968
775000.0,66.25453474888559
776000.0,66.23336875795545
777000.0,66.26871025063798
779000.0,66.3753694646875
780000.0,66.39089150353213
781000.0,66.35109787307924
783000.0,66.29122381179411
784000.0,66.32053590637841
786000.0,66.36489533859503
789000.0,66.34601708953474
790000.0,66.36887097161572
791000.0,66.4153585701402
793000.0,66.43786329479437
794000.0,66.39463813465979
795000.0,66.35886292380776
796000.0,66.38163439199049
799000.0,66.42734672010154
800000.0,66.38709881115528
802000.0,66.32641197348708
804000.0,66.38166716559192
805000.0,66.42959178705262
806000.0,66.44376862103803
807000.0,66.40274530177967
808000.0,66.34130720024667
809000.0,66.31603681189425
810000.0,66.34780347356998
811000.0,66.40178997479799
812000.0,66.42111467881054
814000.0,66.35169678748534
816000.0,66.35804338887965
817000.0,66.41179225766413
818000.0,66.43111282394352
820000.0,66.3614029242467
821000.0,66.30819701263866
822000.0,66.29009161189356
823000.0,66.32807839568034
825000.0,66.38620657065617
826000.0,66.35702197396654
827000.0,66.30570577775212
828000.0,66.28895640308858
829000.0,66.3282894018449
831000.0,66.44061120702867
832000.0,66.45837467552423
833000.0,66.44760332295726
835000.0,66.43119697465237
836000.0,66.45223659580662
837000.0,66.49680277884727
838000.0,66.50794893326338
839000.0,66.49155079875496
840000.0,66.45032694143804
841000.0,66.38893253862176
842000.0,66.36333760308133
844000.0,66.42392779404996
845000.0,66.44641443126164
846000.0,66.41242551183039
847000.0,66.35709734584475
849000.0,66.37348508002424
850000.0,66.43113609848079
851000.0,66.45369774491908
852000.0,66.44693636360414
855000.0,66.43366149269269
856000.0,66.45804779505548
857000.0,66.50525836309652
858000.0,66.51871223936787
860000.0,66.4399050264768
862000.0,66.38654246990376
863000.0,66.41834823224231
864000.0,66.4448263410386
865000.0,66.44138016377026
866000.0,66.41124058555181
867000.0,66.35921215257272
868000.0,66.34200611309312
869000.0,66.38080397420637
870000.0,66.44065574457285
871000.0,66.46493174788746
872000.0,66.43261312117892
873000.0,66.37855803212669
874000.0,66.35950267878201
875000.0,66.39670436052373
876000.0,66.45501058043985
877000.0,66.47836453040996
878000.0,66.47210968885588
879000.0,66.43969068598425
880000.0,66.38565592088361
881000.0,66.39395396546695
882000.0,66.453665949297
885000.0,66.51336702463942
886000.0,66.47620922763787
887000.0,66.41810880880098
888000.0,66.39564201694851
889000.0,66.42996805963305
890000.0,66.48586258416609
891000.0,66.50666627017179
893000.0,66.43943112677094
894000.0,66.41474459631586
895000.0,66.4471466935915
896000.0,66.50138501328865
897000.0,66.52096251088535
898000.0,66.51164064496169
899000.0,66.47648899493082
900000.0,66.42028098757956
901000.0,66.39910739904865
902000.0,66.43401337552555
903000.0,66.46374941377702
905000.0,66.46266286370465
906000.0,66.43499570600486
907000.0,66.38513666334721
909000.0,66.40992746611758
910000.0,66.47096864016183
911000.0,66.49625663986154
912000.0,66.46459040250537
913000.0,66.41149680194596
914000.0,66.39305309072233
915000.0,66.43085741889276
916000.0,66.489653350551
917000.0,66.51311821590502
918000.0,66.5071275113731
919000.0,66.4748633461888
920000.0,66.42093515259182
921000.0,66.42931519574304
922000.0,66.4889690154095
924000.0,66.53263939777646
925000.0,66.49755643178342
926000.0,66.4410854790438
927000.0,66.41995893319834
928000.0,66.45521862408688
929000.0,66.48486814224066
931000.0,66.48369835499923
933000.0,66.43104262632075
934000.0,66.41204314004942
935000.0,66.44936739207164
936000.0,66.50775952617828
937000.0,66.53089247535254
938000.0,66.52449359282716
939000.0,66.49205266303193
941000.0,66.49534983646444
942000.0,66.54800393352816
943000.0,66.56605463015799
944000.0,66.55547595002733
945000.0,66.51926336058432
946000.0,66.46184604951517
947000.0,66.4397862542827
949000.0,66.45357577269246
950000.0,66.45913203108606
951000.0,66.43668678054715
953000.0,66.4043992721349
954000.0,66.4444736286943
957000.0,66.52831731577643
958000.0,66.52428155337243
959000.0,66.49346233963573
960000.0,66.4408343918706
961000.0,66.42303769847119
962000.0,66.46103379521514
963000.0,66.4929014170387
965000.0,66.4431966858982
966000.0,66.39806014917684
967000.0,66.38634294158905
969000.0,66.41688782243591
970000.0,66.42912340307585
971000.0,66.41246819621296
972000.0,66.37190969061001
973000.0,66.36438258198663
974000.0,66.41155613593327
975000.0,66.47838962091802
976000.0,66.50866821745578
977000.0,66.5086726582435
978000.0,66.48141635313381
979000.0,66.4591643854248
984000.0,66.48677589665543
985000.0,66.46308991953943
986000.0,66.4164811153487
987000.0,66.40382191431108
988000.0,66.44645751745539
989000.0,66.48210775394561
990000.0,66.48667472343078
991000.0,66.46335859458802
992000.0,66.41711769975088
993000.0,66.4047161295972
994000.0,66.44747464553268
995000.0,66.48346473938389
996000.0,66.48807331267814
997000.0,66.46497764378812
998000.0,66.4191550757528
999000.0,66.4067681437138
1000000.0,66.44959403853382
1001000.0,66.51302126527571
1002000.0,66.54026560082464
1003000.0,66.5376319427279
1004000.0,66.50815807301734
1005000.0,66.48396661254208
1006000.0,66.51633627716215
1007000.0,66.57098622735276
1010000.0,66.61888970694778
1011000.0,66.5785555851945
1013000.0,66.56991464304666
1015000.0,66.60663612159188
1016000.0,66.59588891736877
1017000.0,66.55939331418512
1018000.0,66.50180699570352
1019000.0,66.47955266667175
1020000.0,66.51401822483875
1022000.0,66.5656541051067
1023000.0,66.53381804951202
1024000.0,66.48007618027039
1026000.0,66.49841711140525
1027000.0,66.55672798461654
1028000.0,66.57993581454588
1029000.0,66.57363375375743
1030000.0,66.54098280436052
1031000.0,66.48663462899131
1033000.0,66.45201841299767
1034000.0,66.49096802333422
1035000.0,66.52367621003802
1036000.0,66.52519916417234
1037000.0,66.49975695023235
1038000.0,66.45152438217293
1039000.0,66.43740788166693
1040000.0,66.47888630328565
1041000.0,66.54062059728761
1042000.0,66.56674632558162
1044000.0,66.50761031167129
1045000.0,66.48604702213233
1046000.0,66.52102331575095
1048000.0,66.57404512182394
1049000.0,66.56969159798172
1050000.0,66.53866116830143
1052000.0,66.54455616617891
1053000.0,66.59810118874309
1054000.0,66.6171149242741
1055000.0,66.60711087309872
1056000.0,66.57129492003787
1057000.0,66.51419260476236
1058000.0,66.49247124606549
1059000.0,66.52736587523721
1060000.0,66.58368763414818
1062000.0,66.62188679533739
1065000.0,66.59591610472758
1067000.0,66.63610333025287
1068000.0,66.65045982341661
1069000.0,66.6367249409915
1071000.0,66.56285209128536
1072000.0,66.53521402675018
1073000.0,66.56493825172684
1074000.0,66.61682830761224
1075000.0,66.63430044697249
1076000.0,66.6231687083926
1077000.0,66.5862964648655
1078000.0,66.55580403193548
1079000.0,66.5832261310842
1080000.0,66.63313879135501
1082000.0,66.6606520658353
1083000.0,66.61899853388924
1084000.0,66.55699226524057
1085000.0,66.558461841379
1086000.0,66.61203124500686
1088000.0,66.64596653006073
1089000.0,66.63400250896369
1090000.0,66.59647748369741
1091000.0,66.53789843853299
1092000.0,66.51474134656439
1093000.0,66.54827873267455
1094000.0,66.60360796638788
1096000.0,66.6400560355211
1097000.0,66.60207749412979
1098000.0,66.54298785273883
1099000.0,66.54706536720093
1101000.0,66.65087654253087
1102000.0,66.66514641570741
1103000.0,66.62382226663163
1104000.0,66.56212757196546
1105000.0,66.53646310705247
1106000.0,66.5678814531226
1107000.0,66.62118897632638
1108000.0,66.63998168391163
1109000.0,66.62968721646692
1110000.0,66.59371418056581
1112000.0,66.48717282417472
1113000.0,66.47209395146677
1114000.0,66.51268371967295
1115000.0,66.57386431257707
1117000.0,66.56763444987115
1118000.0,66.51416951902144
1120000.0,66.53298602539117
1121000.0,66.59144946725525
1122000.0,66.61476889197617
1123000.0,66.60849875208861
1124000.0,66.57589203227471
1125000.0,66.52136881118211
1126000.0,66.44722958060554
