339000.0,50.498566799517704
340000.0,50.65202650110875
344000.0,51.17648038739396
345000.0,51.29024262439564
346000.0,51.41944781228715
347000.0,51.59328638058351
349000.0,52.049186068396395
350000.0,52.35306849714971
351000.0,52.739227151693875
352000.0,53.19523501923926
353000.0,53.74349896318593
354000.0,54.36830714127051
355000.0,55.05945621737495
356000.0,55.805472876200234
357000.0,56.59960452276267
358000.0,57.466061427045275
359000.0,58.360717822853545
360000.0,59.281076323866245
361000.0,60.18856461920979
363000.0,61.543701292965274
364000.0,61.97820203070025
368000.0,63.39682713556924
369000.0,63.68318011934196
371000.0,63.95237348580696
373000.0,64.10127314268027
374000.0,64.25779903384343
375000.0,64.42165129609761
376000.0,64.53049593701923
377000.0,64.55846891236348
378000.0,64.52098149807651
379000.0,64.5236441552802
382000.0,64.7073993668009
383000.0,64.75049792649772
384000.0,64.72413114936803
385000.0,64.67196669097282
386000.0,64.6952554122855
387000.0,64.81245345706856
388000.0,64.91138780191751
390000.0,64.88717223183853
392000.0,64.82560461146885
393000.0,64.90050593830694
394000.0,65.02795477273436
396000.0,65.16888061380791
397000.0,65.16227432840506
398000.0,65.09390881602143
399000.0,65.03917948486213
400000.0,65.05868704438683
401000.0,65.1410244170906
402000.0,65.2103587344051
404000.0,65.13973507595925
405000.0,65.05362220372533
406000.0,65.01518209343584
407000.0,65.08133873076646
408000.0,65.16849206697526
410000.0,65.18796670723432
412000.0,65.08828657563517
413000.0,65.08723936226106
414000.0,65.18334814855888
415000.0,65.2644021546008
416000.0,65.27006327709253
419000.0,65.20930680956819
420000.0,65.26356183649784
421000.0,65.37344962215872
422000.0,65.43472704653966
424000.0,65.3511139354028
425000.0,65.22694409886363
427000.0,64.91514088603462
428000.0,64.76545685993122
429000.0,64.60693414949202
431000.0,64.24138322460668
432000.0,64.0377925753823
433000.0,63.834947203973066
434000.0,63.63125363211687
435000.0,63.428326848661854
436000.0,63.25748801745435
437000.0,63.11346777898618
438000.0,62.95983349759321
439000.0,62.799124224608114
440000.0,62.664116682572875
442000.0,62.51765901683235
443000.0,62.492450289835645
444000.0,62.4719836472356
445000.0,62.488254022652264
446000.0,62.534319278689395
447000.0,62.57418104727074
448000.0,62.64159729957214
449000.0,62.731290433268114
452000.0,63.019389664784946
454000.0,63.26653374940145
455000.0,63.42701636679611
456000.0,63.59527072621755
458000.0,63.798442490932175
459000.0,63.84825434622561
460000.0,63.891594364595214
461000.0,63.96170309300015
463000.0,64.06973386855414
464000.0,64.08270090253404
465000.0,64.09456364533051
466000.0,64.1385924143903
467000.0,64.20816952952224
468000.0,64.26793133189017
469000.0,64.28676627494036
470000.0,64.27196607552523
471000.0,64.2604242762668
472000.0,64.28451308351706
473000.0,64.3372823098975
475000.0,64.35981531546032
476000.0,64.33933709591685
478000.0,64.37270233454402
479000.0,64.41741118421774
480000.0,64.45611979687564
483000.0,64.45584481799476
484000.0,64.46081509346214
485000.0,64.49744147022317
486000.0,64.49622223822732
487000.0,64.46465952335122
488000.0,64.43885550425207
489000.0,64.45091217622415
490000.0,64.49331180616677
491000.0,64.5300593243924
492000.0,64.52902477517101
493000.0,64.49767361787993
494000.0,64.50499177139942
495000.0,64.54338985737843
496000.0,64.57669083741531
497000.0,64.5727306223935
498000.0,64.53884565473226
499000.0,64.5109930683329
500000.0,64.52126710058378
501000.0,64.56208621192945
502000.0,64.5973923702628
504000.0,64.59250139224109
505000.0,64.56129247009963
506000.0,64.56866610268744
507000.0,64.60709646653245
508000.0,64.64015660443383
509000.0,64.63615579751598
510000.0,64.6022312283813
511000.0,64.57436691567925
512000.0,64.58455789927021
513000.0,64.6253976663728
514000.0,64.66045608777688
516000.0,64.65505310319061
517000.0,64.65665339789665
520000.0,64.74476338392994
521000.0,64.7340671376964
522000.0,64.69430817775088
523000.0,64.6943250009333
524000.0,64.72654181859532
525000.0,64.7545791132753
526000.0,64.74605850766059
527000.0,64.70820903753106
529000.0,64.65133226374867
530000.0,64.66290145531555
531000.0,64.70511387958152
532000.0,64.74146569369292
533000.0,64.73991392102099
534000.0,64.70801164619272
535000.0,64.71470950062209
536000.0,64.75244364481117
537000.0,64.78508203979911
538000.0,64.81320453830172
539000.0,64.80475884628812
540000.0,64.76715311142658
541000.0,64.76901484311827
542000.0,64.83537465492712
543000.0,64.89090719973426
544000.0,64.87435928272676
545000.0,64.82968502671828
546000.0,64.82518610296034
547000.0,64.85362100125033
548000.0,64.87827345478452
549000.0,64.8995403545278
550000.0,64.88534360786953
551000.0,64.84277553156005
552000.0,64.84046234923866
553000.0,64.90324397090265
554000.0,64.95581242484599
556000.0,64.91881371455493
557000.0,64.87509096276139
559000.0,64.87120319077745
560000.0,64.9340138806221
561000.0,64.98618008858499
562000.0,64.9995739935766
563000.0,64.97859714105651
564000.0,64.93005442396674
565000.0,64.92263628228311
566000.0,64.98135823001844
567000.0,65.02996100735945
568000.0,65.0073313772647
569000.0,64.95753512104532
570000.0,64.9490079304285
571000.0,65.00654045327967
572000.0,65.05455466395695
573000.0,65.0642173302751
574000.0,65.03999225962647
575000.0,64.98884263083902
576000.0,64.97912212005292
577000.0,65.03565749619793
578000.0,65.08261375912264
579000.0,65.09154763661472
580000.0,65.06666646841714
581000.0,65.01492454005447
583000.0,64.99842979370129
584000.0,65.05625150846939
585000.0,65.10412408895212
586000.0,65.11380286053287
587000.0,65.08959526715363
588000.0,65.03830367956284
591000.0,65.01925966220423
592000.0,65.04533349610693
593000.0,65.03501110039674
594000.0,64.99523770985388
595000.0,64.9952669501237
596000.0,65.05985713829922
597000.0,65.11363574021313
598000.0,65.09535037070653
599000.0,65.0489953156496
600000.0,65.04347684429699
601000.0,65.1036473707606
602000.0,65.15359726603671
603000.0,65.16494918268884
604000.0,65.14197306059745
605000.0,65.09174914293916
607000.0,65.07751844186288
608000.0,65.13616550413707
609000.0,65.21775918774253
610000.0,65.25418622213644
611000.0,65.22116098203199
612000.0,65.16245603305345
613000.0,65.14614627910257
615000.0,65.24286571093911
616000.0,65.27840490354875
617000.0,65.24473090099379
619000.0,65.1981429133377
621000.0,65.22292486835153
622000.0,65.23317990146087
623000.0,65.20934916749272
624000.0,65.15824376866
625000.0,65.14855929781137
626000.0,65.20525037245298
627000.0,65.25201191523787
628000.0,65.26050518135693
629000.0,65.23550964663713
630000.0,65.18322768513475
633000.0,65.25108176611755
634000.0,65.29411025473281
637000.0,65.22017103384124
638000.0,65.20679491021448
640000.0,65.2455078604867
641000.0,65.26106277069742
642000.0,65.24183743915832
643000.0,65.19444686621925
644000.0,65.18787951508483
645000.0,65.24696855556262
646000.0,65.2958111130673
647000.0,65.30627176656714
648000.0,65.28258703674555
649000.0,65.23162017374159
650000.0,65.22191331414184
652000.0,65.26576563250431
653000.0,65.2833951470336
655000.0,65.24940484103294
656000.0,65.23936849043157
657000.0,65.29555349330823
659000.0,65.38009807014889
660000.0,65.35034700885201
662000.0,65.30935071533827
663000.0,65.35745195931965
664000.0,65.3969798822102
667000.0,65.31513592652878
668000.0,65.26726755781368
669000.0,65.25979643961882
670000.0,65.31812359663088
671000.0,65.36619932128163
673000.0,65.32213789290886
674000.0,65.2752579748858
675000.0,65.2687517387815
676000.0,65.32783752433933
677000.0,65.37710724123966
679000.0,65.33395098368104
681000.0,65.37348395525487
682000.0,65.45031045077151
683000.0,65.48282380547037
684000.0,65.47917997979948
686000.0,65.41227056055523
687000.0,65.38940994039966
688000.0,65.4347431238054
689000.0,65.47186805800837
690000.0,65.47223639840462
691000.0,65.44008450494329
692000.0,65.38175324673469
693000.0,65.36563613563966
695000.0,65.46185322389628
697000.0,65.52578938292714
698000.0,65.48781281943863
699000.0,65.42439352458761
700000.0,65.40420938167965
701000.0,65.45187664553161
702000.0,65.49091150671168
703000.0,65.49271091000625
704000.0,65.46161867304276
705000.0,65.40467576723368
706000.0,65.38957222091886
707000.0,65.4414618704615
708000.0,65.51713143355367
709000.0,65.54845399817138
710000.0,65.51101924796791
711000.0,65.44838976222492
712000.0,65.42857073822636
713000.0,65.47608734546151
714000.0,65.54844980470413
715000.0,65.57692251002119
716000.0,65.5370407830373
717000.0,65.47205440835268
718000.0,65.45050946933662
719000.0,65.49667413778937
721000.0,65.62792227259112
722000.0,65.64647472846859
723000.0,65.59829304417809
724000.0,65.52625202423782
725000.0,65.49854786827801
726000.0,65.53956784720671
727000.0,65.57328071088386
728000.0,65.57068455091473
729000.0,65.53594618632445
730000.0,65.47536625782398
731000.0,65.45731841310729
732000.0,65.50663191144815
733000.0,65.58030172871909
734000.0,65.60986998483287
735000.0,65.60369704002983
736000.0,65.56589414771923
737000.0,65.53573768273068
738000.0,65.57479179857685
739000.0,65.63952408657723
740000.0,65.66178113754546
741000.0,65.64937280893888
742000.0,65.60632980550758
743000.0,65.53873102267055
745000.0,65.49679506534785
746000.0,65.54422999958787
747000.0,65.5830847668159
748000.0,65.58483447909728
749000.0,65.55358395362995
750000.0,65.49605975069366
751000.0,65.4806770632666
753000.0,65.57793937840876
754000.0,65.61341535464786
755000.0,65.57932765988696
756000.0,65.51966391386432
757000.0,65.50225762194282
758000.0,65.5521017211899
759000.0,65.62573079362636
760000.0,65.65561539340375
761000.0,65.64969973545193
762000.0,65.61204565680345
763000.0,65.5820875626027
764000.0,65.62134636819005
765000.0,65.68621459731933
766000.0,65.70836675645123
767000.0,65.69594235885313
769000.0,65.61462052446632
770000.0,65.58595645889434
771000.0,65.6262070195245
772000.0,65.69224990019045
773000.0,65.71516563068259
774000.0,65.67068477910883
775000.0,65.60165087032375
776000.0,65.57656778339887
777000.0,65.6194470220945
779000.0,65.74609356765976
780000.0,65.76248753796213
781000.0,65.71288698899255
783000.0,65.6398265013456
784000.0,65.67523680816447
786000.0,65.72652158109541
789000.0,65.70097922427637
790000.0,65.72842699878504
791000.0,65.78328673017974
793000.0,65.80693187607946
794000.0,65.75306340762353
795000.0,65.70942374450786
796000.0,65.73684735854663
799000.0,65.78923730932482
800000.0,65.73947188168323
802000.0,65.66717865507329
804000.0,65.73480150256898
805000.0,65.79218303123002
806000.0,65.80781874437656
807000.0,65.75675277782753
808000.0,65.6824559956632
809000.0,65.65283519971422
810000.0,65.6921224434966
811000.0,65.75720656089815
812000.0,65.77943261503708
814000.0,65.69430513015378
816000.0,65.70305653761757
817000.0,65.76742316031006
818000.0,65.78960483177599
820000.0,65.7036545749226
821000.0,65.6403046542999
822000.0,65.61974916860297
823000.0,65.66694958093896
825000.0,65.73619094798649
826000.0,65.70001587493987
827000.0,65.63831148101278
828000.0,65.61925019684166
829000.0,65.66764152778302
831000.0,65.80160675798187
832000.0,65.82106472854919
833000.0,65.80632840729031
835000.0,65.78375764673265
836000.0,65.80829273059896
837000.0,65.86055987890377
838000.0,65.87208826833088
839000.0,65.85057837254557
840000.0,65.79960861370127
841000.0,65.72538017839095
842000.0,65.69569856864398
844000.0,65.7703030705211
845000.0,65.79690031035787
846000.0,65.75523245480585
847000.0,65.68888224561961
849000.0,65.7107463009477
850000.0,65.78052433570714
851000.0,65.80658740791952
852000.0,65.79753285863484
855000.0,65.7789233357624
856000.0,65.80791082718837
857000.0,65.8638851877091
858000.0,65.8784454414105
860000.0,65.78131751069517
862000.0,65.71865328855361
863000.0,65.74133640203016
864000.0,65.77047129880191
865000.0,65.76913086047672
866000.0,65.73522081583023
867000.0,65.6751454647018
868000.0,65.65761327584013
869000.0,65.70731804792862
870000.0,65.78085010544723
871000.0,65.81037043521137
872000.0,65.77102835655836
873000.0,65.70674508324163
874000.0,65.68520213416446
875000.0,65.73143853357439
876000.0,65.80242747748959
877000.0,65.8295209424129
878000.0,65.8211879680211
879000.0,65.78131373919794
880000.0,65.7163434634659
881000.0,65.72759837155832
882000.0,65.79987657469529
885000.0,65.86823506097855
886000.0,65.82259032311805
887000.0,65.75250267874739
888000.0,65.72609166275797
889000.0,65.7683546403741
890000.0,65.83549455583724
891000.0,65.85958186739185
893000.0,65.77704146748493
894000.0,65.74784851860889
895000.0,65.78764943773523
896000.0,65.85249567008272
897000.0,65.87507536695529
898000.0,65.86265001262178
899000.0,65.81932754828614
900000.0,65.75139671834104
901000.0,65.72710549118202
902000.0,65.77107656719771
903000.0,65.8066992114992
905000.0,65.80481853415782
906000.0,65.77135097370402
907000.0,65.7116801378651
909000.0,65.74401969107973
910000.0,65.81770673999762
911000.0,65.8472340545776
912000.0,65.80816620366973
913000.0,65.74381790358709
914000.0,65.722347755078
915000.0,65.7687083294321
916000.0,65.83928118666361
917000.0,65.86640021541103
918000.0,65.85799090069416
919000.0,65.8179665953806
920000.0,65.75321144525259
921000.0,65.76419356519362
922000.0,65.8362931174955
924000.0,65.88665834432798
925000.0,65.84298288827016
926000.0,65.77471942437761
927000.0,65.7502026168595
928000.0,65.79388207620339
929000.0,65.82935303173392
931000.0,65.82724242793199
933000.0,65.7635443668429
934000.0,65.74149952005283
935000.0,65.7874102205864
936000.0,65.85781467513682
937000.0,65.88441907471612
938000.0,65.87561546201187
939000.0,65.83540125415503
941000.0,65.84004053328991
942000.0,65.9028518600159
943000.0,65.92330663367906
944000.0,65.90919470765235
945000.0,65.8644769213002
946000.0,65.79539705169127
947000.0,65.77003080344475
949000.0,65.78854245395635
950000.0,65.79583144727306
951000.0,65.76928070301216
953000.0,65.73260306444467
954000.0,65.78182557250108
957000.0,65.88061673141837
958000.0,65.87453041421789
959000.0,65.83658011082468
960000.0,65.77328573940007
961000.0,65.75279606896665
962000.0,65.79974107210226
963000.0,65.837990291653
965000.0,65.7775202764197
966000.0,65.72390481015255
967000.0,65.71150830496464
969000.0,65.75024856065625
970000.0,65.7654120389179
971000.0,65.7454992313834
972000.0,65.69730008601901
973000.0,65.68946020830448
974000.0,65.74714182041443
975000.0,65.82749388746903
976000.0,65.86279508982473
977000.0,65.86121587774895
978000.0,65.82703202618174
979000.0,65.79987295582347
984000.0,65.83186908277766
985000.0,65.80286027894577
986000.0,65.74713814787414
987000.0,65.73293211252845
988000.0,65.78509506204917
989000.0,65.8282790989046
990000.0,65.83292171204585
991000.0,65.8042717342131
992000.0,65.74892435784734
993000.0,65.73505005841974
994000.0,65.78767953678795
995000.0,65.83065665105146
996000.0,65.83572858074847
997000.0,65.80715408016864
998000.0,65.75161429298367
999000.0,65.7377567425797
1000000.0,65.79016758256695
1001000.0,65.86601525605447
1002000.0,65.89768959544469
1003000.0,65.89302097736856
1004000.0,65.85643311882086
1005000.0,65.82707016353746
1006000.0,65.86665600652485
1007000.0,65.93160663079168
1010000.0,65.98362644861177
1011000.0,65.93401424384174
1013000.0,65.92306385201634
1015000.0,65.96558974112557
1016000.0,65.95177145334742
1017000.0,65.90712926186002
1018000.0,65.83817366709053
1019000.0,65.81286521880378
1020000.0,65.85577514829444
1022000.0,65.91837088279722
1023000.0,65.87938046072135
1024000.0,65.81503984508713
1026000.0,65.84008344053414
1027000.0,65.91069957023295
1028000.0,65.9376525285048
1029000.0,65.92911086353178
1030000.0,65.88894455649766
1031000.0,65.82376127172228
1033000.0,65.78480390488973
1034000.0,65.83316378402426
1035000.0,65.8725200057196
1036000.0,65.8744621866485
1037000.0,65.84322186810351
1038000.0,65.7854370350456
1039000.0,65.76965100354644
1040000.0,65.82046077765196
1041000.0,65.89491153678215
1042000.0,65.9255481199643
1044000.0,65.85266336021334
1045000.0,65.82704911197422
1046000.0,65.86952926197509
1048000.0,65.93199817491974
1049000.0,65.92555174122111
1050000.0,65.88756464294386
1052000.0,65.89561881234873
1053000.0,65.95959235278193
1054000.0,65.98106351825508
1055000.0,65.96778116608056
1056000.0,65.92382315630385
1057000.0,65.85521597600548
1058000.0,65.83013188619461
1059000.0,65.87299799604196
1060000.0,65.94102661110611
1062000.0,65.98496318311894
1065000.0,65.95112774209198
1067000.0,65.9993086053957
1068000.0,66.01541717283624
1069000.0,65.99784286800461
1071000.0,65.90806003680106
1072000.0,65.87589328395113
1073000.0,65.91308535662017
1074000.0,65.97589966777981
1075000.0,65.9962295784937
1076000.0,65.98210519174029
1077000.0,65.93728068657005
1078000.0,65.90110509814645
1079000.0,65.93483147175962
1080000.0,65.99472664824782
1082000.0,66.0258991597342
1083000.0,65.97497098138997
1084000.0,65.90037975716243
1085000.0,65.90330411971308
1086000.0,65.96837053715667
1088000.0,66.00795566034331
1089000.0,65.99282484553176
1090000.0,65.94722974975116
1091000.0,65.87734635141653
1092000.0,65.8512437126256
1093000.0,65.89353343894498
1094000.0,65.96066196234628
1096000.0,66.00322793069157
1097000.0,65.95645044323436
1098000.0,65.88556442477133
1099000.0,65.89175223232374
1101000.0,66.01709923190856
1102000.0,66.0328730166113
1103000.0,65.98242305284546
1104000.0,65.90786633479325
1105000.0,65.8778768477502
1106000.0,65.91691721899406
1107000.0,65.98124480087797
1108000.0,66.00292887249508
1109000.0,65.98981441965557
1110000.0,65.9457868205154
1112000.0,65.81941700099092
1113000.0,65.80338216680266
1114000.0,65.85424463669662
1115000.0,65.92861180048327
1117000.0,65.91985957015663
1118000.0,65.8554956349261
1120000.0,65.88043295053659
1121000.0,65.95100764263243
1122000.0,65.97797525441993
1123000.0,65.96934047035539
1124000.0,65.9291960326338
1125000.0,65.86381438289048
1126000.0,65.77545711432836
