339000.0,50.7304784880337
340000.0,50.83106449349854
344000.0,51.21506347774918
345000.0,51.306343818117455
346000.0,51.416972581361314
347000.0,51.57593090188153
349000.0,52.01031864929332
350000.0,52.307367575426
351000.0,52.689475027911335
352000.0,53.143408319593554
353000.0,53.691527904771156
354000.0,54.31797008623694
355000.0,55.01192733036389
356000.0,55.76141058672003
357000.0,56.55971922930456
358000.0,57.43092508985568
359000.0,58.33098121311973
360000.0,59.25641281092465
361000.0,60.16807724678632
363000.0,61.524484594065285
364000.0,61.95580940298245
368000.0,63.36194665548562
369000.0,63.645638679607984
371000.0,63.905198959412246
373000.0,64.04505499495163
374000.0,64.19900097107683
375000.0,64.36084999053067
376000.0,64.46660034629069
377000.0,64.49068035561132
378000.0,64.44845864542393
379000.0,64.44771895684997
382000.0,64.62528927796575
383000.0,64.66601148539996
384000.0,64.6365822943605
385000.0,64.58103283563624
386000.0,64.60241253335424
387000.0,64.719017486703
388000.0,64.81707399265458
390000.0,64.78756492563691
392000.0,64.7210630725501
393000.0,64.79517926793608
394000.0,64.92266930935251
396000.0,65.06140940190781
397000.0,65.05250620582692
398000.0,64.98098897260672
399000.0,64.9235998576354
400000.0,64.94165965275614
401000.0,65.02352761416309
402000.0,65.09215336885595
404000.0,65.01699216117728
405000.0,64.92803104134755
406000.0,64.88742462561869
407000.0,64.95300603119725
408000.0,65.04011441224571
410000.0,65.05663634773117
412000.0,64.95220813795372
413000.0,64.94986129540753
414000.0,65.0462645499441
415000.0,65.1271053753055
416000.0,65.1311700849002
419000.0,65.06536454096975
420000.0,65.11909979639492
421000.0,65.22905175004988
422000.0,65.28964965351572
424000.0,65.20149654795513
425000.0,65.07373488226928
427000.0,64.75549062256155
428000.0,64.60274298371665
429000.0,64.44139091046385
431000.0,64.06990488488327
432000.0,63.863401837249604
433000.0,63.65778583276161
434000.0,63.45165891033395
435000.0,63.2462645979664
436000.0,63.07373199477752
437000.0,62.92878809913648
438000.0,62.7742406768876
439000.0,62.611879670157656
440000.0,62.47557644275244
442000.0,62.32892156831231
443000.0,62.30425727965452
444000.0,62.28415486719342
445000.0,62.30142278160182
446000.0,62.348713201297336
447000.0,62.38949856678755
448000.0,62.458101475971766
449000.0,62.54868472557465
452000.0,62.83949705272243
454000.0,63.08885620522239
455000.0,63.25082008587745
456000.0,63.42026044913195
458000.0,63.62346632091379
459000.0,63.67245330479258
460000.0,63.71491274488228
461000.0,63.784759169047334
463000.0,63.89156280558254
464000.0,63.903310060065536
465000.0,63.914105657740784
466000.0,63.9574901968273
467000.0,64.02701320207879
468000.0,64.08636277890118
469000.0,64.10402210585613
470000.0,64.08802908958668
471000.0,64.07536620324541
472000.0,64.09906295770799
473000.0,64.15173675808815
475000.0,64.17271717347936
476000.0,64.15125128539106
478000.0,64.18366264190783
479000.0,64.22845412621186
480000.0,64.2669656455875
483000.0,64.26445349340679
484000.0,64.26900634101582
485000.0,64.30546830097859
486000.0,64.30353650558925
487000.0,64.27083504141
488000.0,64.24406916429312
489000.0,64.25586993183794
490000.0,64.29863748599522
491000.0,64.3353809662895
492000.0,64.33366505137855
493000.0,64.3011604993736
494000.0,64.30809186279753
495000.0,64.34656770245168
496000.0,64.37962614587413
497000.0,64.37510299866851
498000.0,64.34011325050372
499000.0,64.31166390425749
500000.0,64.32168850419666
501000.0,64.36284783657767
502000.0,64.39832697171168
504000.0,64.39222913373166
505000.0,64.36020817074993
506000.0,64.36741489385939
507000.0,64.40613459520338
508000.0,64.4394701475651
509000.0,64.43491175731758
510000.0,64.39995904549502
511000.0,64.37115083274067
512000.0,64.38101215462689
513000.0,64.42203881533926
514000.0,64.45743854892274
516000.0,64.45107689762669
517000.0,64.45211820697078
520000.0,64.54004975401831
521000.0,64.52884971280452
522000.0,64.48834837456603
523000.0,64.48817930057558
524000.0,64.52075796802167
525000.0,64.54883872863303
526000.0,64.54007308242907
527000.0,64.50120698146084
529000.0,64.44311592508629
530000.0,64.45491211171169
531000.0,64.49750524124109
532000.0,64.53415558373406
533000.0,64.5322640535267
534000.0,64.49959696378671
535000.0,64.50617772338238
536000.0,64.54430799611163
537000.0,64.57716941678073
538000.0,64.60559574113185
539000.0,64.59684484079702
540000.0,64.55838354774362
541000.0,64.55994122575129
542000.0,64.6273798404068
543000.0,64.68328782848054
544000.0,64.66598586664878
545000.0,64.61990131477236
546000.0,64.6151991473871
547000.0,64.64377477639411
548000.0,64.6686287686509
549000.0,64.6902783142019
550000.0,64.67566413265358
551000.0,64.63218903023896
552000.0,64.62969237334455
553000.0,64.6934178437774
554000.0,64.74634403740279
556000.0,64.70825924492453
557000.0,64.6637150345477
559000.0,64.65960733901045
560000.0,64.72331588056387
561000.0,64.77613666908715
562000.0,64.78925947309001
563000.0,64.76783749604802
564000.0,64.71833252918653
565000.0,64.71076600147374
566000.0,64.77016643215894
567000.0,64.81938531234937
568000.0,64.79626464720876
569000.0,64.74564372659786
570000.0,64.73684767937868
571000.0,64.79540967615077
572000.0,64.84400818310947
573000.0,64.85363781289516
574000.0,64.82889655603121
575000.0,64.77681336588567
576000.0,64.76694327905275
577000.0,64.8243765641167
578000.0,64.87200915279753
579000.0,64.88085028614191
580000.0,64.85546948499115
581000.0,64.8028511478509
583000.0,64.78621115307402
584000.0,64.84497847700663
585000.0,64.8935284192154
586000.0,64.90323196445352
587000.0,64.87852423212038
588000.0,64.8263677980785
591000.0,64.8072966531072
592000.0,64.83382855180017
593000.0,64.82334161666833
594000.0,64.7829853610354
595000.0,64.7830975308152
596000.0,64.8489409985774
597000.0,64.90355283091282
598000.0,64.88516151964085
599000.0,64.83816195115635
600000.0,64.83253229312777
601000.0,64.89349937971403
602000.0,64.94402682664115
603000.0,64.95534665372189
604000.0,64.93198379909933
605000.0,64.88096899163685
607000.0,64.86680815174539
608000.0,64.92618680803298
609000.0,65.0090459270382
610000.0,65.04596145394352
611000.0,65.01235547967076
612000.0,64.9526842186567
613000.0,64.93633617562575
615000.0,65.03466877434016
616000.0,65.07082851550612
617000.0,65.03666299223963
619000.0,64.98962823295415
621000.0,65.01489677099559
622000.0,65.02539431970624
623000.0,65.00141888340207
624000.0,64.94963901045088
625000.0,64.93982589186061
626000.0,64.99732185785588
627000.0,65.04505843680508
628000.0,65.0538530142687
629000.0,65.02835885088376
630000.0,64.975363280072
633000.0,65.04486391000896
634000.0,65.08847836708975
637000.0,65.0134818986264
638000.0,65.00001982200439
640000.0,65.03966720320956
641000.0,65.05554533289161
642000.0,65.03624221549313
643000.0,64.98823646829284
644000.0,64.98171619305771
645000.0,65.04183741032539
646000.0,65.09174930037628
647000.0,65.10232675050594
648000.0,65.07847995904554
649000.0,65.026742215928
650000.0,65.01686295294269
652000.0,65.06195723200955
653000.0,65.07982018707142
655000.0,65.04602772375817
656000.0,65.03618641118177
657000.0,65.09339398536915
659000.0,65.17923508669429
660000.0,65.1488673104461
662000.0,65.10760803525696
663000.0,65.15660866724684
664000.0,65.196824587641
667000.0,65.11401371045852
668000.0,65.06532608075192
669000.0,65.05825183819951
670000.0,65.11781953311807
671000.0,65.16724971530819
673000.0,65.12266035572728
674000.0,65.07520173213948
675000.0,65.06910573861872
676000.0,65.12963146452218
677000.0,65.17952241460767
679000.0,65.13619445880595
681000.0,65.17714649018573
682000.0,65.25520465264216
683000.0,65.28809982529934
684000.0,65.28446669035695
686000.0,65.21667152844724
687000.0,65.19357492410025
688000.0,65.23961438504563
689000.0,65.27752896086173
690000.0,65.27807237015442
691000.0,65.2454545450115
692000.0,65.18638356420765
693000.0,65.17044072000498
695000.0,65.2688138481894
697000.0,65.3339832530113
698000.0,65.29565123814416
699000.0,65.23162484543839
700000.0,65.21132194487323
701000.0,65.25971410243359
702000.0,65.29961235461894
703000.0,65.30177610818558
704000.0,65.27064805828816
705000.0,65.21278976941001
706000.0,65.19783462368875
707000.0,65.25093078950908
708000.0,65.32801781316653
709000.0,65.35999680620012
710000.0,65.32203510679221
711000.0,65.2584827321339
712000.0,65.23865005877049
713000.0,65.28760831657098
714000.0,65.3611344420369
715000.0,65.39010048347723
716000.0,65.34962595502918
717000.0,65.28395645594398
718000.0,65.26239695712627
719000.0,65.30963315215895
721000.0,65.44328530305404
722000.0,65.46215554945947
723000.0,65.41325182180314
724000.0,65.34023155200659
725000.0,65.31243634052498
726000.0,65.3544617426873
727000.0,65.3889388130606
728000.0,65.38646212201695
729000.0,65.35140295596905
730000.0,65.29015138564634
731000.0,65.27222900665103
732000.0,65.3229274363353
733000.0,65.39777423358186
734000.0,65.4279089812142
735000.0,65.42174241184615
736000.0,65.38355301926538
737000.0,65.35331063990884
738000.0,65.3932412060677
739000.0,65.45945134300433
740000.0,65.48216419893919
741000.0,65.46975659616186
742000.0,65.42612023549634
743000.0,65.35782859759844
745000.0,65.31599053449129
746000.0,65.36462844713871
747000.0,65.40435967234218
748000.0,65.40638085079719
749000.0,65.37486479166832
750000.0,65.31674965686024
751000.0,65.30155004031731
753000.0,65.40108956940558
754000.0,65.43732421230774
755000.0,65.40313569240823
756000.0,65.34254514520896
757000.0,65.32524362431022
758000.0,65.37631719239104
759000.0,65.45141551094609
760000.0,65.48185952669101
761000.0,65.4760042471881
762000.0,65.43781056201782
763000.0,65.40761883525633
764000.0,65.44762454978668
765000.0,65.51357414068362
766000.0,65.53626888662956
767000.0,65.52375885248149
769000.0,65.44189517255793
770000.0,65.41323947593354
771000.0,65.45473895847357
772000.0,65.52188145482468
773000.0,65.54527965943899
774000.0,65.50021061702525
775000.0,65.43048017361977
776000.0,65.40535586302565
777000.0,65.44978252769712
779000.0,65.57841163970465
780000.0,65.59526253345665
781000.0,65.54462656703018
783000.0,65.47110013827658
784000.0,65.50710786131057
786000.0,65.55979677259612
789000.0,65.53490018215045
790000.0,65.56306395070308
791000.0,65.61909640345229
793000.0,65.64351737158667
794000.0,65.58901125593012
795000.0,65.54499319168289
796000.0,65.57322583229652
799000.0,65.62647118896419
800000.0,65.57670450073033
802000.0,65.5039690166672
804000.0,65.5736965609926
805000.0,65.63195222232173
806000.0,65.64794661545378
807000.0,65.59640565207293
808000.0,65.52116437251752
809000.0,65.49146689430634
810000.0,65.53175940941358
811000.0,65.5978935799695
812000.0,65.62102722131971
814000.0,65.53519486468315
816000.0,65.54488836926451
817000.0,65.61075003805624
818000.0,65.63321459072958
820000.0,65.54641350211833
821000.0,65.48237319224825
822000.0,65.46199840611978
823000.0,65.51049496657949
825000.0,65.58168169077778
826000.0,65.54515720404203
827000.0,65.48280953877456
828000.0,65.46392322058892
829000.0,65.51353360169256
831000.0,65.65015926908033
832000.0,65.67003625799848
833000.0,65.65519232282172
835000.0,65.63267213254395
836000.0,65.65772421451054
837000.0,65.71107764553433
838000.0,65.72305505915557
839000.0,65.70115333555067
840000.0,65.64968364679126
841000.0,65.57460719278504
842000.0,65.54489728885193
844000.0,65.62156977660447
845000.0,65.64894950772006
846000.0,65.60698260245451
847000.0,65.53967640533463
849000.0,65.56305921581261
850000.0,65.63415559999788
851000.0,65.66093669719903
852000.0,65.65196116336665
855000.0,65.63376641010707
856000.0,65.66311725787392
857000.0,65.72012646554994
858000.0,65.73531426020179
860000.0,65.63728721651931
862000.0,65.57449629706241
863000.0,65.5979884617344
864000.0,65.627962511836
865000.0,65.62692379875529
866000.0,65.5927335384975
867000.0,65.53224305895385
868000.0,65.51485052800822
869000.0,65.56583169788223
870000.0,65.64091152896488
871000.0,65.67098344811839
872000.0,65.63145129508186
873000.0,65.56603330323378
874000.0,65.5447153076301
875000.0,65.59225462226226
876000.0,65.66408332161623
877000.0,65.69185928983613
878000.0,65.6834949896401
879000.0,65.64330887206681
880000.0,65.57763311711989
881000.0,65.589561683198
882000.0,65.66340675138318
885000.0,65.73346901018328
886000.0,65.68701405924793
887000.0,65.61598540016429
888000.0,65.58983749560645
889000.0,65.6330892701644
890000.0,65.70191231834019
891000.0,65.72663273101703
893000.0,65.64325144181812
894000.0,65.61397779097142
895000.0,65.65484344763655
896000.0,65.72129619494022
897000.0,65.74414147810599
898000.0,65.73179441586984
899000.0,65.68801376033471
900000.0,65.61934082122727
901000.0,65.5951185164318
902000.0,65.6402443940716
903000.0,65.6767636542018
905000.0,65.67551330066544
906000.0,65.64181106459041
907000.0,65.5817010929478
909000.0,65.61538585450901
910000.0,65.69049813602028
911000.0,65.72069586357044
912000.0,65.68112229262691
913000.0,65.615705685371
914000.0,65.59438984405017
915000.0,65.64170110107925
916000.0,65.7138559479248
917000.0,65.74157163302846
918000.0,65.73317170839431
919000.0,65.69283467929776
920000.0,65.62709815721009
921000.0,65.63889152131676
922000.0,65.71256770215778
924000.0,65.76425806507032
925000.0,65.72016981472402
926000.0,65.65134185356948
927000.0,65.62666228728519
928000.0,65.67151387384317
929000.0,65.70785275209212
931000.0,65.70606170686246
933000.0,65.641871774884
934000.0,65.61997622556868
935000.0,65.66703538582742
936000.0,65.73876892967625
937000.0,65.765999533789
938000.0,65.75730215674838
939000.0,65.71648653281132
941000.0,65.72216146168321
942000.0,65.78634573585221
943000.0,65.80721265762838
944000.0,65.7931426310367
945000.0,65.74793597204216
946000.0,65.67795144233237
947000.0,65.65253505384825
949000.0,65.67208932219188
950000.0,65.67988211493483
951000.0,65.65304645367749
953000.0,65.61673206925202
954000.0,65.66720097018145
957000.0,65.76814716580927
958000.0,65.76219911789926
959000.0,65.72380095712307
960000.0,65.65976999081231
961000.0,65.63935260577651
962000.0,65.68740156798845
963000.0,65.72661335101719
965000.0,65.66577310531247
966000.0,65.61159040446968
967000.0,65.59940584750254
969000.0,65.63958527714257
970000.0,65.65532992653314
971000.0,65.63522066959278
972000.0,65.58654460627051
973000.0,65.57905319137166
974000.0,65.63831629697408
975000.0,65.72029390576529
976000.0,65.75616568204387
977000.0,65.75474560919197
978000.0,65.72039177556057
979000.0,65.6930799055722
984000.0,65.7266627919401
985000.0,65.69737126572242
986000.0,65.6410356206889
987000.0,65.62708858175239
988000.0,65.68060681581963
989000.0,65.72445904337202
990000.0,65.7296405024812
991000.0,65.70069350617317
992000.0,65.64461578209443
993000.0,65.6308870717974
994000.0,65.68458587467596
995000.0,65.72858903665202
996000.0,65.73389365233855
997000.0,65.70505149578408
998000.0,65.64905790088446
999000.0,65.6353974758297
1000000.0,65.68931487711869
1001000.0,65.76658792938882
1002000.0,65.79878030007572
1003000.0,65.79409558185294
1004000.0,65.75673404554594
1005000.0,65.72713729963102
1006000.0,65.76734804899502
1007000.0,65.83348451326215
1010000.0,65.88658679837175
1011000.0,65.83616754187486
1013000.0,65.82591999350193
1015000.0,65.86951611395021
1016000.0,65.85543184041386
1017000.0,65.81035113230493
1018000.0,65.74079638562151
1019000.0,65.71553439298242
1020000.0,65.75964736861138
1022000.0,65.82373424357533
1023000.0,65.78447354222936
1024000.0,65.71943287256785
1026000.0,65.7457433324715
1027000.0,65.81761608951243
1028000.0,65.84522688666455
1029000.0,65.8366164044171
1030000.0,65.79611174736625
1031000.0,65.73008695084206
1033000.0,65.6912001954055
1034000.0,65.74069620536577
1035000.0,65.78099270431139
1036000.0,65.78303992684786
1037000.0,65.75170744200895
1038000.0,65.69332378986202
1039000.0,65.67772469871245
1040000.0,65.72998684063704
1041000.0,65.80584436888526
1042000.0,65.83704980378846
1044000.0,65.76306901204599
1045000.0,65.73731630692566
1046000.0,65.78102916713208
1048000.0,65.84456613020839
1049000.0,65.83804397699909
1050000.0,65.7995565117793
1052000.0,65.80814053625454
1053000.0,65.87335079800862
1054000.0,65.89546122432526
1055000.0,65.88201078597788
1056000.0,65.83744012204846
1057000.0,65.76792227482835
1058000.0,65.74276812430008
1059000.0,65.787098338217
1060000.0,65.85639623137766
1062000.0,65.90136240352135
1065000.0,65.86732786093758
1067000.0,65.91672203253121
1068000.0,65.93341449236837
1069000.0,65.91545792297755
1071000.0,65.82462360590846
1072000.0,65.79234452600089
1073000.0,65.83038309715943
1074000.0,65.89453831987194
1075000.0,65.91536081566372
1076000.0,65.90118246593185
1077000.0,65.85575226122096
1078000.0,65.81922337766976
1079000.0,65.85387368463329
1080000.0,65.91501462916003
1082000.0,65.94685747718414
1083000.0,65.89494472343655
1084000.0,65.81925847019625
1085000.0,65.82260759476688
1086000.0,65.8892564081988
1088000.0,65.92984611269262
1089000.0,65.91472250792438
1090000.0,65.86859395464593
1091000.0,65.79780412292482
1092000.0,65.77167384857249
1093000.0,65.8150457589808
1094000.0,65.88350897188148
1096000.0,65.92693120743971
1097000.0,65.87949607116883
1098000.0,65.80788261432522
1099000.0,65.81442280651565
1101000.0,65.94214621730471
1102000.0,65.95808356942825
1103000.0,65.9063915233532
1104000.0,65.83115159418006
1105000.0,65.80111073688008
1106000.0,65.84102983267586
1107000.0,65.90692413466991
1108000.0,65.92907107292588
1109000.0,65.91589315472582
1110000.0,65.87147440691638
1112000.0,65.74383182831954
1113000.0,65.72800198633323
1114000.0,65.78003500714544
1115000.0,65.85579053363782
1117000.0,65.84729491433544
1118000.0,65.7821261779727
1120000.0,65.80815796009026
1121000.0,65.8801835233707
1122000.0,65.90761330318236
1123000.0,65.8990652542136
1124000.0,65.85833602134325
1125000.0,65.79217723208818
1126000.0,65.70275318331686
