339000.0,50.72814459467937
340000.0,50.68204916074088
344000.0,50.654802105808926
345000.0,50.67734259291748
346000.0,50.72697498623226
347000.0,50.82999651425151
349000.0,51.1702686865903
350000.0,51.427037308008806
351000.0,51.770801019413256
352000.0,52.1910363387913
353000.0,52.70817085734356
354000.0,53.309583926960514
355000.0,53.985811509523685
356000.0,54.72649784658803
357000.0,55.52488776785157
358000.0,56.40292741926673
359000.0,57.32055344898218
360000.0,58.27408522950035
361000.0,59.22756544199541
363000.0,60.73502781248571
364000.0,61.26574086680392
368000.0,63.035021456985596
369000.0,63.401027724212355
371000.0,63.832796189707516
373000.0,64.11636605700227
374000.0,64.3213612565963
375000.0,64.5291363091186
376000.0,64.68187026814263
377000.0,64.75557014907007
378000.0,64.76196829179237
379000.0,64.79781681929401
382000.0,65.04141237874163
383000.0,65.10090103392153
384000.0,65.093855410085
385000.0,65.05868834614947
386000.0,65.08825724731379
387000.0,65.20281159362551
388000.0,65.30188603343096
390000.0,65.29422652318728
392000.0,65.24006743616403
393000.0,65.30661208036949
394000.0,65.42319142192264
396000.0,65.5568586027593
397000.0,65.55300931763358
398000.0,65.49028591641522
399000.0,65.43658788749825
400000.0,65.44883515550366
401000.0,65.51870205899297
402000.0,65.57878911575607
404000.0,65.5070906872921
405000.0,65.42098626336472
406000.0,65.37587830520029
407000.0,65.42589175407569
408000.0,65.49779227485787
410000.0,65.50290030182067
412000.0,65.39560701751576
413000.0,65.38381021964211
414000.0,65.46191297234546
415000.0,65.52912630035061
416000.0,65.5287114092506
419000.0,65.45089336983615
420000.0,65.4915208470333
421000.0,65.58535310478665
422000.0,65.63733116092763
424000.0,65.55213344363597
425000.0,65.43025667581342
427000.0,65.11721296674895
428000.0,64.96029836206407
429000.0,64.7927015102165
431000.0,64.40406069455994
432000.0,64.18627910057886
433000.0,63.96611178328937
434000.0,63.74287619714164
435000.0,63.51806069463824
436000.0,63.3209299568254
437000.0,63.14804363072136
438000.0,62.96631894637726
439000.0,62.777771767864685
440000.0,62.61251716893455
442000.0,62.398584353303896
443000.0,62.339313376384546
444000.0,62.287408442551055
445000.0,62.27205563739725
446000.0,62.28764373902629
447000.0,62.30134855277011
448000.0,62.34354115774836
449000.0,62.40981449241722
452000.0,62.647029545193206
454000.0,62.870396094992614
455000.0,63.020628332422824
456000.0,63.18138088591081
458000.0,63.38798416341825
459000.0,63.44406868745746
460000.0,63.49336787611994
461000.0,63.566695078813446
463000.0,63.684221805937355
464000.0,63.70394910962945
465000.0,63.721445311639606
466000.0,63.76688298138929
467000.0,63.83574987205081
468000.0,63.89612470672905
469000.0,63.91891703496767
470000.0,63.90969346917426
471000.0,63.90170118978764
472000.0,63.924953361986994
473000.0,63.974353068927286
475000.0,63.99762712924091
476000.0,63.97876761391585
478000.0,64.0056988846056
479000.0,64.04515660569767
480000.0,64.07974026957584
483000.0,64.07639769206875
484000.0,64.07788219435791
485000.0,64.10850637027083
486000.0,64.10522647909056
487000.0,64.0730622175893
488000.0,64.0449012645981
489000.0,64.05040924088581
490000.0,64.0844107374079
491000.0,64.11417666444348
492000.0,64.11005416602211
493000.0,64.07735005093367
494000.0,64.07893449229131
495000.0,64.10943098421174
496000.0,64.13608255320148
497000.0,64.1292333544988
498000.0,64.09414597214275
499000.0,64.06360808241142
500000.0,64.06683651825095
501000.0,64.09876283155258
502000.0,64.12652702977451
504000.0,64.11468328263788
505000.0,64.08160020964947
506000.0,64.08263839468319
507000.0,64.11270267017596
508000.0,64.13893714972534
509000.0,64.13174900865961
510000.0,64.09637588173763
511000.0,64.06537162652485
512000.0,64.06845099100492
513000.0,64.10017995101218
514000.0,64.12787650972255
516000.0,64.1157042522004
517000.0,64.11244340433628
520000.0,64.18198798615732
521000.0,64.16948735040457
522000.0,64.12944588104843
523000.0,64.12463497267525
524000.0,64.14944419132308
525000.0,64.17118918064273
526000.0,64.15994729683563
527000.0,64.12108121689003
529000.0,64.05712946016085
530000.0,64.0611748199656
531000.0,64.09378888282413
532000.0,64.12223712811411
533000.0,64.11707894102517
534000.0,64.08353698906943
535000.0,64.0843247596475
536000.0,64.11408866761543
537000.0,64.1402128630018
538000.0,64.16311017759406
539000.0,64.15304401384222
540000.0,64.11519224400982
541000.0,64.11216632361474
542000.0,64.1688419891005
543000.0,64.21723555040776
544000.0,64.20038535417882
545000.0,64.15659177074724
546000.0,64.14838927057005
547000.0,64.17036090585444
548000.0,64.18955691112292
549000.0,64.20630173760185
550000.0,64.19093881909315
551000.0,64.14828592714362
552000.0,64.14120303685644
553000.0,64.19425673200203
554000.0,64.23948706850994
556000.0,64.20165393354624
557000.0,64.15766512164939
559000.0,64.14375504888463
560000.0,64.19641028488071
561000.0,64.24152364686044
562000.0,64.25189912128776
563000.0,64.23079887104029
564000.0,64.18327685625668
565000.0,64.17187775501971
566000.0,64.22114680539856
567000.0,64.26301880406736
568000.0,64.24085990795568
569000.0,64.19205024684308
570000.0,64.17952082575675
571000.0,64.22788853813225
572000.0,64.26914788496434
573000.0,64.2760407361546
574000.0,64.25194833693382
575000.0,64.2017999747138
576000.0,64.18807285860647
577000.0,64.2353765172929
578000.0,64.27559534108154
579000.0,64.28179946467364
580000.0,64.25702920472587
581000.0,64.20620087454678
583000.0,64.18080317773963
584000.0,64.22901934086178
585000.0,64.27023792701196
586000.0,64.27711612366328
587000.0,64.25284712921722
588000.0,64.20256078003568
591000.0,64.16943271452818
592000.0,64.18850380531339
593000.0,64.17542042543828
594000.0,64.13470131827602
595000.0,64.12929408205282
596000.0,64.18378438936179
597000.0,64.2302405763393
598000.0,64.21173509058814
599000.0,64.16652497448956
600000.0,64.15715358861782
601000.0,64.20827234419016
602000.0,64.25199052547129
603000.0,64.26108109239769
604000.0,64.23875907044929
605000.0,64.19016720987825
607000.0,64.16841243622015
608000.0,64.21802721035178
609000.0,64.29050327563624
610000.0,64.32401798163008
611000.0,64.29417774965337
612000.0,64.23892338991516
613000.0,64.2205700075754
615000.0,64.30294257006213
616000.0,64.33485890703604
617000.0,64.30405846286371
619000.0,64.25555430421943
621000.0,64.27192006574427
622000.0,64.27849019044271
623000.0,64.25425550167357
624000.0,64.20378692479223
625000.0,64.18976833254592
626000.0,64.23678105643278
627000.0,64.27688631552219
628000.0,64.28287374275807
629000.0,64.25799142814719
630000.0,64.20704848574188
633000.0,64.25615719885568
634000.0,64.2939158067366
637000.0,64.22080539018353
638000.0,64.20457999845462
640000.0,64.2327668012482
641000.0,64.24388209094734
642000.0,64.22385803003826
643000.0,64.17723268092327
644000.0,64.16645126253096
645000.0,64.21618353816739
646000.0,64.25870587081877
647000.0,64.26698065873578
648000.0,64.24401761969615
649000.0,64.19482630705915
650000.0,64.18196915538826
652000.0,64.21529618604218
653000.0,64.22889207947685
655000.0,64.19351967202549
656000.0,64.18083561509664
657000.0,64.22904594711297
659000.0,64.30455712804104
660000.0,64.27706266049893
662000.0,64.23530498607757
663000.0,64.27654237753845
664000.0,64.31180088295734
667000.0,64.23290130703944
668000.0,64.18512506287645
669000.0,64.17339470508789
670000.0,64.22248420411161
671000.0,64.2643268513068
673000.0,64.22067292996275
674000.0,64.17443231422195
675000.0,64.16408166726505
676000.0,64.21427595305404
677000.0,64.25709841203027
679000.0,64.21497127110834
681000.0,64.24544755514535
682000.0,64.31477345912526
683000.0,64.34519990928987
684000.0,64.34286959755642
686000.0,64.2808880936624
687000.0,64.25744436138244
688000.0,64.29621882014598
689000.0,64.32909576936292
690000.0,64.32864395767064
691000.0,64.29809220765951
692000.0,64.24223737079292
693000.0,64.22351905944359
695000.0,64.30525232430575
697000.0,64.36337031868104
698000.0,64.32844051483751
699000.0,64.26890318544348
700000.0,64.24690337792907
701000.0,64.28687910991378
702000.0,64.3208421137677
703000.0,64.32147954041115
704000.0,64.29183018243323
705000.0,64.2367487189971
706000.0,64.21874880379244
707000.0,64.26211008282883
708000.0,64.32920409522522
709000.0,64.35789974260507
710000.0,64.32368714932207
711000.0,64.26483106988593
712000.0,64.24336490864603
713000.0,64.28387496426419
714000.0,64.34838565865519
715000.0,64.37470342478585
716000.0,64.33860272361001
717000.0,64.2778563894616
718000.0,64.25471091857001
719000.0,64.29361883364406
721000.0,64.41229869579803
722000.0,64.43070261195416
723000.0,64.38751255694375
724000.0,64.32038178574896
725000.0,64.29203389157865
726000.0,64.32655209900408
727000.0,64.35576705848446
728000.0,64.35205540220076
729000.0,64.3186530062261
730000.0,64.26023824193591
731000.0,64.23930785232396
732000.0,64.28015126278171
733000.0,64.34500899714931
734000.0,64.37179403645274
735000.0,64.36606533209388
736000.0,64.33093492050737
737000.0,64.30126229157793
738000.0,64.33458489390301
739000.0,64.39281395257528
740000.0,64.41360261976983
741000.0,64.4026973797989
742000.0,64.362987661093
743000.0,64.29916473097978
745000.0,64.25225201304539
746000.0,64.291479057328
747000.0,64.32480729500742
748000.0,64.32497768451951
749000.0,64.29488530925005
750000.0,64.23946269669703
751000.0,64.2209972634625
753000.0,64.30332150777659
754000.0,64.33519198512403
755000.0,64.3038303322888
756000.0,64.24719598305364
757000.0,64.22787664280806
758000.0,64.2701459315437
759000.0,64.33622692237688
760000.0,64.36405368664096
761000.0,64.35924992902802
762000.0,64.32496111810985
763000.0,64.29608655158181
764000.0,64.33007740039136
765000.0,64.388858889864
766000.0,64.41014835771861
767000.0,64.39970876560449
769000.0,64.32467840056157
770000.0,64.29575146251082
771000.0,64.32958030300796
772000.0,64.3884416886912
773000.0,64.40983073131876
774000.0,64.36940261519972
775000.0,64.30492149888813
776000.0,64.27843208271118
777000.0,64.31441526162136
779000.0,64.42831279194486
780000.0,64.44475608013549
781000.0,64.39983317341299
783000.0,64.32994186618362
784000.0,64.35977723597875
786000.0,64.40551394528133
789000.0,64.37964056792728
790000.0,64.40327506995365
791000.0,64.4531255032919
793000.0,64.47691809507063
794000.0,64.4281221510448
795000.0,64.3865141367076
796000.0,64.409349692217
799000.0,64.45548681905048
800000.0,64.40940384314443
802000.0,64.33690050328131
804000.0,64.39253620209657
805000.0,64.44351153407509
806000.0,64.45829967278421
807000.0,64.41171418108391
808000.0,64.34192134839853
809000.0,64.31103315480705
810000.0,64.3430656752811
811000.0,64.40043387802646
812000.0,64.42038795286709
814000.0,64.3405022730769
816000.0,64.3418400473059
817000.0,64.39930169841968
818000.0,64.41948584916436
820000.0,64.33990063467522
821000.0,64.27892759767971
822000.0,64.25574245526222
823000.0,64.29472472403042
825000.0,64.35518760758704
826000.0,64.32130175006458
827000.0,64.26260152469129
828000.0,64.24140220773371
829000.0,64.28210944184886
831000.0,64.40360498399644
832000.0,64.42313943045849
833000.0,64.41120733036023
835000.0,64.39172661726998
836000.0,64.4139117735535
837000.0,64.46242972643111
838000.0,64.47484939520372
839000.0,64.45647383281103
840000.0,64.41011392397722
841000.0,64.34050239464437
842000.0,64.30960686508818
844000.0,64.3714216880323
845000.0,64.39493530949876
846000.0,64.35614180934549
847000.0,64.29310184700151
849000.0,64.30538593981173
850000.0,64.36728740520113
851000.0,64.39145662031157
852000.0,64.3833802975958
855000.0,64.36517578657207
856000.0,64.39058833987448
857000.0,64.44182714439536
858000.0,64.45677574991461
860000.0,64.36850102262505
862000.0,64.30548786595678
863000.0,64.33834978074283
864000.0,64.36596470544661
865000.0,64.36096058442243
866000.0,64.32636911559726
867000.0,64.2670728646532
868000.0,64.24535403945504
869000.0,64.285583633608
870000.0,64.34980533860305
871000.0,64.37585963530958
872000.0,64.33942104047094
873000.0,64.27841886306457
874000.0,64.25526737536545
875000.0,64.29406036296182
876000.0,64.35734855651717
877000.0,64.38263900511095
878000.0,64.37557143467384
879000.0,64.33918072809226
880000.0,64.27825285555124
881000.0,64.28546001326275
882000.0,64.34960625159292
885000.0,64.41513260999187
886000.0,64.3739236948072
887000.0,64.3087008390193
888000.0,64.28182104335349
889000.0,64.3173260538076
890000.0,64.37774918275787
891000.0,64.40048752533359
893000.0,64.32524316430275
894000.0,64.29631721672934
895000.0,64.33023105126178
896000.0,64.38896993398241
897000.0,64.41041251138078
898000.0,64.40001846354869
899000.0,64.36066932697072
900000.0,64.29711658168648
901000.0,64.27164657761915
902000.0,64.30860362562534
903000.0,64.3398122175243
905000.0,64.33665358611741
906000.0,64.30515172817738
907000.0,64.24843799806993
909000.0,64.27106944548879
910000.0,64.33717657838902
911000.0,64.36488829780895
912000.0,64.32991821123262
913000.0,64.27018928739722
914000.0,64.24802142501872
915000.0,64.2878040678069
916000.0,64.35174303746349
917000.0,64.37784879694229
918000.0,64.37124008748812
919000.0,64.33537870740675
920000.0,64.27495115417899
921000.0,64.28245513536184
922000.0,64.34712852794075
924000.0,64.39544039133364
925000.0,64.35673383000952
926000.0,64.29381094229532
927000.0,64.26866269612995
928000.0,64.30575939343906
929000.0,64.33761602813848
931000.0,64.33478933447671
933000.0,64.27474561921598
934000.0,64.25203932583118
935000.0,64.29130741189412
936000.0,64.35479735216278
937000.0,64.38039478646131
938000.0,64.37361132385371
939000.0,64.33755189028913
941000.0,64.33967414738433
942000.0,64.39727718272098
943000.0,64.41751781464782
944000.0,64.40618992958805
945000.0,64.36597709418726
946000.0,64.30181005249113
947000.0,64.27572197560276
949000.0,64.28737165897638
950000.0,64.2920830986173
951000.0,64.26596923580817
953000.0,64.22688911648902
954000.0,64.26933531135055
957000.0,64.36131881677895
958000.0,64.35684666578919
959000.0,64.32282370718318
960000.0,64.26419608060696
961000.0,64.24280633994402
962000.0,64.28339630596832
963000.0,64.31777733407114
965000.0,64.26171886897953
966000.0,64.21036679394722
967000.0,64.19555452393689
969000.0,64.22576144286437
970000.0,64.23812281051411
971000.0,64.21873339933016
972000.0,64.17259827903696
973000.0,64.16252486715496
974000.0,64.21297904424294
975000.0,64.28618375286992
976000.0,64.32019351398009
977000.0,64.32089256421436
978000.0,64.29124357708564
979000.0,64.26638487925894
984000.0,64.29522869573935
985000.0,64.2687921230757
986000.0,64.21684900635606
987000.0,64.20131689509462
988000.0,64.24699222445136
989000.0,64.28592455200958
990000.0,64.29076068146558
991000.0,64.26505238049285
992000.0,64.21339889326467
993000.0,64.19815070158633
994000.0,64.24392475751108
995000.0,64.28332244354446
996000.0,64.28854799842172
997000.0,64.26308885844806
998000.0,64.21169004270264
999000.0,64.19666696509965
1000000.0,64.24275295404847
1001000.0,64.31216675721356
1002000.0,64.3430305329375
1003000.0,64.340705043841
1004000.0,64.30850842397352
1005000.0,64.28164185053755
1006000.0,64.3172167449115
1007000.0,64.3775837151146
1010000.0,64.434180102821
1011000.0,64.39061466022585
1013000.0,64.38021757903088
1015000.0,64.42102686929442
1016000.0,64.40922561895425
1017000.0,64.3687443271797
1018000.0,64.30419158306219
1019000.0,64.27787723827674
1020000.0,64.31403814973461
1022000.0,64.37009068517388
1023000.0,64.33463049466822
1024000.0,64.2745052312548
1026000.0,64.29132100598271
1027000.0,64.35497642413482
1028000.0,64.38050412222691
1029000.0,64.37370252730717
1030000.0,64.3375625139015
1031000.0,64.27679032142557
1033000.0,64.23498396322597
1034000.0,64.2764923378673
1035000.0,64.311700555454
1036000.0,64.31345959629297
1037000.0,64.28479069689305
1038000.0,64.23057442276567
1039000.0,64.21333087549696
1040000.0,64.25731460477743
1041000.0,64.32510299960396
1042000.0,64.35432719624393
1044000.0,64.28975045929182
1045000.0,64.26519595608741
1046000.0,64.30284186241023
1048000.0,64.3616193846157
1049000.0,64.35711517689772
1050000.0,64.32318449149972
1052000.0,64.3285486897606
1053000.0,64.38751543950623
1054000.0,64.40914447599027
1055000.0,64.39892996025343
1056000.0,64.3598399692213
1057000.0,64.29654577670706
1058000.0,64.27111466205498
1059000.0,64.30786911024562
1060000.0,64.36955714663799
1062000.0,64.41285335611508
1065000.0,64.38491050557651
1067000.0,64.42908609337454
1068000.0,64.44556073519624
1069000.0,64.43083048543423
1071000.0,64.34853210759887
1072000.0,64.31672370472819
1073000.0,64.34798633498444
1074000.0,64.40455898686565
1075000.0,64.42402116460411
1076000.0,64.41181687260388
1077000.0,64.37091295142723
1078000.0,64.33635201212925
1079000.0,64.36518917935761
1080000.0,64.41963748820022
1082000.0,64.45093456670892
1083000.0,64.40542652533868
1084000.0,64.33622095874077
1085000.0,64.33623693538381
1086000.0,64.39418694748562
1088000.0,64.43176470640435
1089000.0,64.41876314051947
1090000.0,64.37733071754889
1091000.0,64.31170520503224
1092000.0,64.28439047008273
1093000.0,64.31975581402435
1094000.0,64.37987153921001
1096000.0,64.42052713829956
1097000.0,64.378848637617
1098000.0,64.31307367339608
1099000.0,64.31589851826172
1101000.0,64.42938418660934
1102000.0,64.44564995639665
1103000.0,64.40061079832002
1104000.0,64.33228257005376
1105000.0,64.30245086600272
1106000.0,64.33555201798805
1107000.0,64.39362913096285
1108000.0,64.41439113349874
1109000.0,64.40346454811322
1110000.0,64.36360928199421
1112000.0,64.24358289995098
1113000.0,64.22472981116944
1114000.0,64.26736902787138
1115000.0,64.3339804530673
1117000.0,64.32735989592152
1118000.0,64.26809510004024
1120000.0,64.28617806654721
1121000.0,64.35031423646868
1122000.0,64.37661437278334
1123000.0,64.3703704358908
1124000.0,64.33464088069285
1125000.0,64.2742204388296
1126000.0,64.19100444229424
