339000.0,50.44333102824266
340000.0,50.53009847393526
344000.0,50.89557015457254
345000.0,50.9888985471419
346000.0,51.104247682987804
347000.0,51.27192655042578
349000.0,51.73701631054627
350000.0,52.05716763012998
351000.0,52.46994786911902
352000.0,52.96257488200453
353000.0,53.55881738109577
354000.0,54.243258620334565
355000.0,55.005289330651955
356000.0,55.83289010002738
357000.0,56.718725011024524
358000.0,57.68798909539552
359000.0,58.694699158025806
360000.0,59.7350869665426
361000.0,60.76834209755333
363000.0,62.3618574070774
364000.0,62.900658411206464
368000.0,64.672454490593
369000.0,65.0331584113927
371000.0,65.41989723459521
373000.0,65.65397775058531
374000.0,65.84968478864303
375000.0,66.05058855932965
376000.0,66.19063672627749
377000.0,66.24218168645005
378000.0,66.22039578468977
379000.0,66.23633995186393
382000.0,66.45406924623444
383000.0,66.50458940647594
384000.0,66.48036900302044
385000.0,66.42611517901629
386000.0,66.44878669647464
387000.0,66.5695652417213
388000.0,66.67238729617728
390000.0,66.64330329908105
392000.0,66.56749597774113
