339000.0 50.72033835488095
340000.0 51.31590381503488
344000.0 51.49191765685276
345000.0 51.433447673663046
346000.0 51.38146932508024
347000.0 51.35408003129982
349000.0 51.40576078197986
350000.0 51.49177893995331
351000.0 51.63374661548454
352000.0 51.83860486442324
353000.0 52.11103997416502
354000.0 52.460282528957855
355000.0 52.879794620496085
356000.0 53.37073075724774
357000.0 53.92319405516049
358000.0 54.54168114536354
359000.0 55.22370618315234
360000.0 55.95525016065858
361000.0 56.73066646785436
363000.0 58.241012768034714
364000.0 58.89573267468026
368000.0 60.98677953278482
369000.0 61.44894499298561
371000.0 62.21983436676656
373000.0 62.78189876756219
374000.0 63.038692160151456
375000.0 63.30681584278489
376000.0 63.55967580507212
377000.0 63.782900963351494
378000.0 63.95411766317888
379000.0 64.09337405830013
382000.0 64.50467352196497
383000.0 64.64029508131964
384000.0 64.75058230164065
385000.0 64.82739517072548
386000.0 64.8920373060538
387000.0 64.98232578618371
388000.0 65.0962894748908
390000.0 65.27255636474304
392000.0 65.3445119301036
393000.0 65.38820952368164
394000.0 65.46641558488238
396000.0 65.64792622645535
397000.0 65.71568078811097
398000.0 65.75133540842954
399000.0 65.75822549136562
400000.0 65.76835246167754
401000.0 65.80172940495216
402000.0 65.8573418109197
404000.0 65.92390122217205
405000.0 65.91292989063518
406000.0 65.89050920838073
407000.0 65.88770642151383
408000.0 65.92174778826997
410000.0 65.98604473822616
412000.0 65.98460158204198
413000.0 65.96692312396651
414000.0 65.97893998642381
415000.0 66.0199168442734
416000.0 66.05605725307177
419000.0 66.06982817477892
420000.0 66.07311361892862
421000.0 66.10867270460213
422000.0 66.15861014618852
424000.0 66.19918723936235
425000.0 66.16918457183046
427000.0 66.01678453796501
428000.0 65.91278325661985
429000.0 65.80074436635682
431000.0 65.53284352578585
432000.0 65.37951673187689
433000.0 65.21149997143449
434000.0 65.03717513582096
435000.0 64.85343887520575
436000.0 64.67096223916144
437000.0 64.49738538138122
438000.0 64.33124003632781
439000.0 64.1614107237888
440000.0 63.99470420308029
442000.0 63.70536876798894
443000.0 63.595969949199045
444000.0 63.50403402325257
445000.0 63.4285146506373
446000.0 63.378412911617886
447000.0 63.34495011769474
448000.0 63.324992202759105
449000.0 63.32664659783228
452000.0 63.409542835457515
454000.0 63.52494756668588
455000.0 63.60584384736354
456000.0 63.706689358027944
458000.0 63.9069965671086
459000.0 63.983131758292814
460000.0 64.04642464923953
461000.0 64.10581561137172
463000.0 64.23483933455883
464000.0 64.28241297691245
465000.0 64.32024939019179
466000.0 64.35667834573174
467000.0 64.40554754006602
468000.0 64.46082318820756
469000.0 64.51210618852897
470000.0 64.54486841578793
471000.0 64.56509664495681
472000.0 64.58339248400301
473000.0 64.61466827912356
475000.0 64.6791095741664
476000.0 64.69315424712731
478000.0 64.71612708333079
479000.0 64.7421199084002
480000.0 64.77349191512195
483000.0 64.83907718613648
484000.0 64.84345792540749
485000.0 64.85823420722942
486000.0 64.87561609280196
487000.0 64.87885883330979
488000.0 64.87278699154565
489000.0 64.8674215033423
490000.0 64.87724209572679
491000.0 64.89646079101927
492000.0 64.91460537648804
493000.0 64.91700977936016
494000.0 64.91383220089145
495000.0 64.92308207510979
496000.0 64.94045371408542
497000.0 64.95626033663176
498000.0 64.95618083047151
499000.0 64.9461700016733
500000.0 64.93676161271357
501000.0 64.9426713151628
502000.0 64.95818445665832
504000.0 64.98247792459091
505000.0 64.97662256054123
506000.0 64.96817652462745
507000.0 64.97360251319888
508000.0 64.98800080454508
509000.0 65.00135107536435
510000.0 64.999136816979
511000.0 64.98721973971499
512000.0 64.9760793822241
513000.0 64.98043144849561
514000.0 64.99449044050635
516000.0 65.01618052779686
517000.0 65.01357024363405
520000.0 65.05027421971332
521000.0 65.06250880953793
522000.0 65.05793250842675
523000.0 65.04760960011762
524000.0 65.0499177163047
525000.0 65.06071518801133
526000.0 65.07041718284641
527000.0 65.06468808970108
529000.0 65.03068750449737
530000.0 65.01579340273815
531000.0 65.01792757040252
532000.0 65.03049164815334
533000.0 65.04267660593581
534000.0 65.03970150431705
535000.0 65.0316541911415
536000.0 65.03639425212918
537000.0 65.04960866624198
538000.0 65.06602775313716
539000.0 65.07875232175145
540000.0 65.0747254746383
541000.0 65.0649672638359
542000.0 65.0722199798655
543000.0 65.09992756947311
544000.0 65.11942695140272
545000.0 65.11692607792956
546000.0 65.10622288991861
547000.0 65.10703306465982
548000.0 65.11593567899904
549000.0 65.12806589614055
550000.0 65.13672231708175
551000.0 65.12882168832168
552000.0 65.11549750863857
553000.0 65.11947435674578
554000.0 65.14416235841026
556000.0 65.16620975914496
557000.0 65.15340369655146
559000.0 65.12417377978545
560000.0 65.13070226571897
561000.0 65.15628581695034
562000.0 65.17762965804683
563000.0 65.18876208748074
564000.0 65.18036343330573
565000.0 65.16507035510274
566000.0 65.16649982866477
567000.0 65.18836235901723
568000.0 65.20242666256301
569000.0 65.19486988536356
570000.0 65.17953971290387
571000.0 65.18055603050541
572000.0 65.20195879518343
573000.0 65.21987027629713
574000.0 65.22800701064043
575000.0 65.21688668857544
576000.0 65.1992351612278
577000.0 65.19857890301358
578000.0 65.21868099377781
579000.0 65.23548394770982
580000.0 65.24271556789274
581000.0 65.23077863128137
583000.0 65.19625812066826
584000.0 65.19913519371224
585000.0 65.22098111418315
586000.0 65.23868181748396
587000.0 65.24642188536342
588000.0 65.23478492716957
591000.0 65.187041013166
592000.0 65.1890223721085
593000.0 65.19216715210833
594000.0 65.18114303999603
595000.0 65.16575218476714
596000.0 65.16823694018433
597000.0 65.1916903640445
598000.0 65.20740759081004
599000.0 65.20145868956473
600000.0 65.18759215614823
601000.0 65.18992148394788
602000.0 65.21258834373249
603000.0 65.2315812063682
604000.0 65.24069791206722
605000.0 65.2304612740068
607000.0 65.19878419931412
608000.0 65.20284181495782
609000.0 65.23023427714966
610000.0 65.26535876306644
611000.0 65.2833113398172
612000.0 65.27522223358181
613000.0 65.25748264017012
615000.0 65.26740288254192
616000.0 65.29365034040545
617000.0 65.30655100902894
619000.0 65.2860303653394
621000.0 65.2842849666141
622000.0 65.28832258022345
623000.0 65.28873933219589
624000.0 65.27300172126303
625000.0 65.2523075495676
626000.0 65.24935045966484
627000.0 65.2676172106942
628000.0 65.28285507764964
629000.0 65.288656461654
630000.0 65.27542797588411
633000.0 65.25232420229042
634000.0 65.27670928177996
637000.0 65.28453807663715
638000.0 65.2666506727894
640000.0 65.26198609387359
641000.0 65.26747117662758
642000.0 65.26989819821853
643000.0 65.25620909753522
644000.0 65.23756222151722
645000.0 65.23658391548936
646000.0 65.25661998187222
647000.0 65.27352374534236
648000.0 65.28090858504514
649000.0 65.26911967234167
650000.0 65.25084419616286
652000.0 65.24824925255376
653000.0 65.25512934704761
655000.0 65.25707734474891
656000.0 65.24437955510977
657000.0 65.24593735745188
659000.0 65.29436998088094
660000.0 65.30616332897903
662000.0 65.28703427672099
663000.0 65.28923344849534
664000.0 65.30870133409842
667000.0 65.30969458743509
668000.0 65.28610352330483
669000.0 65.26207936115038
670000.0 65.25802753929564
671000.0 65.27624062561237
673000.0 65.28781934754191
674000.0 65.27057853879913
675000.0 65.25022291766703
676000.0 65.24842821945839
677000.0 65.2680546774227
679000.0 65.28147764149223
681000.0 65.27045883948753
682000.0 65.29486071935693
683000.0 65.32717284722926
684000.0 65.34692438743791
686000.0 65.34815823533567
687000.0 65.3306279517805
688000.0 65.32665644547232
689000.0 65.34204282227739
690000.0 65.35371881842016
691000.0 65.35579085370898
692000.0 65.33900118900463
693000.0 65.31596814323154
695000.0 65.319686012588
697000.0 65.36975697196542
698000.0 65.37808966052707
699000.0 65.36307398858867
700000.0 65.33982635513084
701000.0 65.33303885939493
702000.0 65.34697997514778
703000.0 65.35789024700024
704000.0 65.35961238309206
705000.0 65.34257681547084
706000.0 65.31943358968567
707000.0 65.31367344873387
708000.0 65.33342940508396
709000.0 65.36222770379517
710000.0 65.37470363022013
711000.0 65.36178500068098
712000.0 65.33969330493984
713000.0 65.33355525404475
714000.0 65.3523493446676
715000.0 65.37989627412487
716000.0 65.39107689892549
717000.0 65.37696090293116
718000.0 65.35372704827186
719000.0 65.34649146968785
721000.0 65.39547093448155
722000.0 65.42665931464477
723000.0 65.43743105292191
724000.0 65.42111209594867
725000.0 65.39497983944077
726000.0 65.38466955784348
727000.0 65.39501026681937
728000.0 65.40241608571401
729000.0 65.40075750018269
730000.0 65.38056541605211
731000.0 65.35454530219275
732000.0 65.34616627308196
733000.0 65.36349079930535
734000.0 65.39007959592368
735000.0 65.40494577810468
736000.0 65.40653707959144
737000.0 65.39203856579931
738000.0 65.38712889049707
739000.0 65.40431887149776
740000.0 65.42903397008894
741000.0 65.44143511086386
742000.0 65.44040478364602
743000.0 65.41882418769762
745000.0 65.36485100862069
746000.0 65.35867271153282
747000.0 65.37217110485845
748000.0 65.38216365234494
749000.0 65.38272134843898
750000.0 65.36447384601793
751000.0 65.34018426747703
753000.0 65.34172244056973
754000.0 65.36492621004106
755000.0 65.37514292141302
756000.0 65.36154484675856
757000.0 65.33947799404022
758000.0 65.33370026726543
759000.0 65.35300446591543
760000.0 65.38109809120976
761000.0 65.39730390974337
762000.0 65.40005437823869
763000.0 65.38646184246142
764000.0 65.3823448913874
765000.0 65.40013768577266
766000.0 65.42547656531048
767000.0 65.43840857098985
769000.0 65.42720701469611
770000.0 65.40411232500328
771000.0 65.39504582259232
772000.0 65.41016503213858
773000.0 65.43394525659609
774000.0 65.44143534938262
775000.0 65.4238361603633
776000.0 65.3972838511978
777000.0 65.38700989678114
779000.0 65.43055634844451
780000.0 65.45942006244276
781000.0 65.46806875009668
783000.0 65.43229305255872
784000.0 65.42500622571386
786000.0 65.45167400073538
789000.0 65.45438335849023
790000.0 65.45531452458704
791000.0 65.47225965857758
793000.0 65.51303310697796
794000.0 65.51250912313007
795000.0 65.49263318377174
796000.0 65.48114544671337
799000.0 65.51266727786881
800000.0 65.50801048084428
802000.0 65.45973510428733
804000.0 65.45098893190621
805000.0 65.471081096267
806000.0 65.49445819313377
807000.0 65.49921835637404
808000.0 65.4779050223181
809000.0 65.447505530364
810000.0 65.43343711061347
811000.0 65.44489676380562
812000.0 65.46566863221251
814000.0 65.46107118419332
816000.0 65.42644075852276
817000.0 65.43965528452857
818000.0 65.4614259096754
820000.0 65.4579753201207
821000.0 65.42991490272567
822000.0 65.39865538410096
823000.0 65.38641391100066
825000.0 65.41436639307895
826000.0 65.41789756122209
827000.0 65.3997260457249
828000.0 65.37424332785194
829000.0 65.36567692781418
831000.0 65.41311435094337
832000.0 65.44377644787416
833000.0 65.45855774602934
835000.0 65.4618477704101
836000.0 65.46322747607492
837000.0 65.48016370725112
838000.0 65.50180637424927
839000.0 65.51000634485243
840000.0 65.50445722129967
841000.0 65.47844318186885
842000.0 65.4459814231131
844000.0 65.43198551873924
845000.0 65.44816513153053
846000.0 65.45192770092342
847000.0 65.43243052454731
849000.0 65.39413928211198
850000.0 65.40881099477437
851000.0 65.43267055148762
852000.0 65.44498168681032
855000.0 65.4461824439005
856000.0 65.44786880487311
857000.0 65.46571476855836
858000.0 65.48843630973401
860000.0 65.48291447499774
862000.0 65.43088296262785
863000.0 65.42174459464798
864000.0 65.43160611353127
865000.0 65.43774990653112
866000.0 65.4345449319784
867000.0 65.41276550250834
868000.0 65.38518743219844
869000.0 65.37526656441125
870000.0 65.39107508354773
871000.0 65.41630154887562
872000.0 65.42555407585131
873000.0 65.40968350560695
874000.0 65.38486971625211
875000.0 65.37622483219907
876000.0 65.39269198462107
877000.0 65.41816127464729
878000.0 65.43185819089686
879000.0 65.43235730891115
880000.0 65.41241869172913
881000.0 65.39006068146108
882000.0 65.39686304505848
885000.0 65.46072157511374
886000.0 65.46180482827621
887000.0 65.4407702866775
888000.0 65.4123233295037
889000.0 65.40088418929484
890000.0 65.41508727685229
891000.0 65.43853655067284
893000.0 65.43894528163136
894000.0 65.41729777667884
895000.0 65.40865291055816
896000.0 65.42370119410364
897000.0 65.4472164324201
898000.0 65.45879607448721
899000.0 65.45716841699112
900000.0 65.43514816889461
901000.0 65.40649832613327
902000.0 65.39524178241977
903000.0 65.40535388581256
905000.0 65.41596852425515
906000.0 65.41248766200486
907000.0 65.39162483896095
909000.0 65.35721678277972
910000.0 65.37476722396244
911000.0 65.40158332861823
912000.0 65.4122643595047
913000.0 65.39773931944246
914000.0 65.37410895303157
915000.0 65.36655339445944
916000.0 65.38406094295348
917000.0 65.41042634804414
918000.0 65.42496899734873
919000.0 65.42618259821165
920000.0 65.40680987004126
921000.0 65.3850573007808
922000.0 65.39245784952604
924000.0 65.4365277081883
925000.0 65.44133832949875
926000.0 65.42293080355414
927000.0 65.39647095124974
928000.0 65.38667138661503
929000.0 65.39787722958927
931000.0 65.41002069151999
933000.0 65.39719273236285
934000.0 65.37619055481872
935000.0 65.36967666879823
936000.0 65.38743382298304
937000.0 65.41380101370534
938000.0 65.42814580232202
939000.0 65.42912255795025
941000.0 65.40843040207076
942000.0 65.42497498496088
943000.0 65.44912227838675
944000.0 65.46102224194081
945000.0 65.45945995516203
946000.0 65.43741749465774
947000.0 65.4086855796939
949000.0 65.38654012753899
950000.0 65.38463262642972
951000.0 65.38041916121432
953000.0 65.34692133039594
954000.0 65.34549296412776
957000.0 65.40872500879935
958000.0 65.41798446402682
959000.0 65.41717107562565
960000.0 65.39736947692282
961000.0 65.37142826300837
962000.0 65.36298688509312
963000.0 65.3758486741681
965000.0 65.37655978012394
966000.0 65.35426961892087
967000.0 65.3291745655916
969000.0 65.31785138626829
970000.0 65.3215350513266
971000.0 65.32254389772535
972000.0 65.30774228184629
973000.0 65.2881085843062
974000.0 65.28620556576337
975000.0 65.30978779581311
976000.0 65.3422058322345
977000.0 65.3625354211237
978000.0 65.36913978394985
979000.0 65.35922965412543
984000.0 65.36362965155608
985000.0 65.36271984590651
986000.0 65.34530922164004
987000.0 65.32279153935644
988000.0 65.31807017006243
989000.0 65.33455685260306
990000.0 65.34809310985133
991000.0 65.35235391836939
992000.0 65.33769493290467
993000.0 65.31677509622438
994000.0 65.31304644713063
995000.0 65.33030212305312
996000.0 65.34444980293578
997000.0 65.34912688032391
998000.0 65.33485787188756
999000.0 65.3141783629333
1000000.0 65.31066089917448
1001000.0 65.33252020093461
1002000.0 65.36318552917614
1003000.0 65.3817449021043
1004000.0 65.38668924622132
1005000.0 65.37524531639396
1006000.0 65.37307387258379
1007000.0 65.39255367985083
1010000.0 65.46609902450145
1011000.0 65.4675562390764
1013000.0 65.44314993226509
1015000.0 65.46825871637935
1016000.0 65.47294577704062
1017000.0 65.46765353652889
1018000.0 65.44361054225656
1019000.0 65.41378080402482
1020000.0 65.40176592378266
1022000.0 65.42884510153644
1023000.0 65.43172563772671
1024000.0 65.41294117861638
1026000.0 65.37766586386968
1027000.0 65.39407000838172
1028000.0 65.41950905435667
1029000.0 65.43322410899529
1030000.0 65.43373873744153
1031000.0 65.41375449422198
1033000.0 65.36282114692038
1034000.0 65.35798069979276
1035000.0 65.3726788517582
1036000.0 65.38379908570151
1037000.0 65.38536337092177
1038000.0 65.36802627631951
1039000.0 65.34456225932065
1040000.0 65.33848724511412
1041000.0 65.35790152402798
1042000.0 65.38639368630565
1044000.0 65.39574372334445
1045000.0 65.37809901063785
1046000.0 65.37310179980095
1048000.0 65.4075183462471
1049000.0 65.41719253314332
1050000.0 65.4166337748131
1052000.0 65.39645963732788
1053000.0 65.41377726940763
1054000.0 65.43885270533677
1055000.0 65.45162398122429
1056000.0 65.450929410597
1057000.0 65.42963635661137
1058000.0 65.40167661283459
1059000.0 65.39102832601064
1060000.0 65.40613413884705
1062000.0 65.45374885088894
1065000.0 65.46225802746453
1067000.0 65.47034136933985
1068000.0 65.48764960338399
1069000.0 65.49470434080135
1071000.0 65.47503700703312
1072000.0 65.44853883723661
1073000.0 65.43643779114247
1074000.0 65.44885990263792
1075000.0 65.47017980409977
1076000.0 65.47986316173797
1077000.0 65.47652830007632
1078000.0 65.45743695976606
1079000.0 65.44823168735472
1080000.0 65.46142275741285
1082000.0 65.5018869352972
1083000.0 65.50244192408157
1084000.0 65.47949142532843
1085000.0 65.4529767300798
1086000.0 65.45520318949663
1088000.0 65.48965934128793
1089000.0 65.49446660438143
1090000.0 65.48836514650868
1091000.0 65.46308128073774
1092000.0 65.43192518936972
1093000.0 65.41850364260985
1094000.0 65.43109697659818
1096000.0 65.47454255229383
1097000.0 65.4770785736241
1098000.0 65.45613009687018
1099000.0 65.4315998292296
1101000.0 65.45851312179396
1102000.0 65.48391060533828
1103000.0 65.49036510688175
1104000.0 65.47055457337362
1105000.0 65.4414145134518
1106000.0 65.42849548408554
1107000.0 65.44097119483196
1108000.0 65.46264741893688
1109000.0 65.4728124074921
1110000.0 65.47005849487965
1112000.0 65.41309467415802
1113000.0 65.38027464749702
1114000.0 65.3684093580707
1115000.0 65.38399496738036
1117000.0 65.4194332884093
1118000.0 65.40428486323651
1120000.0 65.37228904642717
1121000.0 65.38947356626761
1122000.0 65.41560173943783
1123000.0 65.4298945189308
1124000.0 65.43083860546163
1125000.0 65.41128582904052
1126000.0 65.3760935716215
