339000.0 50.729928416539
340000.0 50.76303939482919
344000.0 50.92209964986719
345000.0 50.96820723825943
346000.0 51.0226669847801
347000.0 51.09612970385116
349000.0 51.29663010242678
350000.0 51.432837341174086
351000.0 51.60574592416537
352000.0 51.81389325473418
353000.0 52.06602450196704
354000.0 52.360416172268444
355000.0 52.69496614876685
356000.0 53.06792911440748
357000.0 53.47760182366891
358000.0 53.932980498278944
359000.0 54.421268846766104
360000.0 54.94090011863677
361000.0 55.479724995216856
363000.0 56.46286414759681
364000.0 56.889153467634536
368000.0 58.49273479921931
369000.0 58.869427371284935
371000.0 59.50868003513092
373000.0 60.07103640352957
374000.0 60.365317980331014
375000.0 60.65672528856016
376000.0 60.92420731571695
377000.0 61.15799265694227
378000.0 61.359805885585004
379000.0 61.563074358615346
382000.0 62.18120220236961
383000.0 62.368470527342424
384000.0 62.52589497938248
385000.0 62.66550390407484
386000.0 62.82005298801743
387000.0 63.00001870879992
388000.0 63.171483366503494
390000.0 63.42801917378992
392000.0 63.64178165085989
393000.0 63.77359311695185
394000.0 63.920662666392595
396000.0 64.17394442617656
397000.0 64.2706411797936
398000.0 64.34163936541178
399000.0 64.40939100864584
400000.0 64.49562034348395
401000.0 64.59934119022238
402000.0 64.69823953599354
404000.0 64.81952997999511
405000.0 64.85503618072663
406000.0 64.89976404463029
407000.0 64.97434413783621
408000.0 65.05637432464734
410000.0 65.16724090681937
412000.0 65.22642959914961
413000.0 65.26511129416696
414000.0 65.33413454134376
415000.0 65.39989194179007
416000.0 65.44134034739555
419000.0 65.5241326037863
420000.0 65.57077789236075
421000.0 65.63667829920797
422000.0 65.68888233450784
424000.0 65.7229449757478
425000.0 65.70718042790453
427000.0 65.63513297958495
428000.0 65.5910637239289
429000.0 65.53825875367542
431000.0 65.39763068084444
432000.0 65.31070853635717
433000.0 65.21715326880553
434000.0 65.11715750110538
435000.0 65.01107866921477
436000.0 64.90987632498883
437000.0 64.8132285929423
438000.0 64.71037502029739
439000.0 64.601520179141
440000.0 64.49779958120335
442000.0 64.32542002767836
443000.0 64.2557149864131
444000.0 64.18920030457684
445000.0 64.13654972068977
446000.0 64.09697538480808
447000.0 64.0592752120942
448000.0 64.03391257462378
449000.0 64.020581005446
452000.0 64.0158923447182
454000.0 64.0551569612706
455000.0 64.09466547765983
456000.0 64.14314579674092
458000.0 64.21239254024748
459000.0 64.23414199029524
460000.0 64.25492284869495
461000.0 64.27478247169034
463000.0 64.3119034140696
464000.0 64.32924657998475
465000.0 64.34593668671745
466000.0 64.37246071407257
467000.0 64.40866097827795
468000.0 64.44315434115067
469000.0 64.46531643049386
470000.0 64.47586741470124
471000.0 64.48592922747515
472000.0 64.50631075432135
473000.0 64.53637992243249
475000.0 64.57153101486709
476000.0 64.57738295353195
478000.0 64.60944396921673
479000.0 64.63527484442335
480000.0 64.65976185130937
483000.0 64.69559033512311
484000.0 64.7062994583969
485000.0 64.7277492383606
486000.0 64.73747467332147
487000.0 64.73586909334739
488000.0 64.73455894585
489000.0 64.74410104011102
490000.0 64.76392363148682
491000.0 64.78286838209955
492000.0 64.79010837906797
493000.0 64.78649818297832
494000.0 64.79370277875748
495000.0 64.81144609343977
496000.0 64.82809750631819
497000.0 64.83351210620965
498000.0 64.82787471254612
499000.0 64.82269536657864
500000.0 64.82851981668925
501000.0 64.84475101270135
502000.0 64.86026655077966
504000.0 64.86803662708029
505000.0 64.86120423722909
506000.0 64.86550153885202
507000.0 64.88023296250238
508000.0 64.89431888073383
509000.0 64.89701117599782
510000.0 64.88894255825356
511000.0 64.88134103418366
512000.0 64.88493810847388
513000.0 64.89892381782101
514000.0 64.91230416448205
516000.0 64.91626564797697
517000.0 64.91815912119336
520000.0 64.95448810290573
521000.0 64.95481582781622
522000.0 64.94457755783662
523000.0 64.94551052499068
524000.0 64.95706696482682
525000.0 64.96813514954277
526000.0 64.96794181726176
527000.0 64.95714919286276
529000.0 64.93707383638043
530000.0 64.93853359549828
531000.0 64.95071292087458
532000.0 64.96214416388092
533000.0 64.96236138278651
534000.0 64.95202113745651
535000.0 64.95291723101006
536000.0 64.96442650884298
537000.0 64.97550620330637
538000.0 64.98602619145544
539000.0 64.98547617716828
540000.0 64.97416186461174
541000.0 64.9742314587043
542000.0 64.99571805643436
543000.0 65.0161688970607
544000.0 65.01437384104375
545000.0 65.0020712139406
546000.0 65.00109297420077
547000.0 65.01083901133961
548000.0 65.02009379489887
549000.0 65.02874050016409
550000.0 65.02650547760612
551000.0 65.01367560361253
552000.0 65.01230547497312
553000.0 65.032432665015
554000.0 65.0515526046166
556000.0 65.04516698581078
557000.0 65.0316735664729
559000.0 65.02779935255047
560000.0 65.04183986569517
561000.0 65.0587700622229
562000.0 65.06610314948317
563000.0 65.06245109292485
564000.0 65.0484187073334
565000.0 65.04580269685117
566000.0 65.0647438240427
567000.0 65.08273100696644
568000.0 65.078531940184
569000.0 65.06389391386726
570000.0 65.06065860166532
571000.0 65.07907407657461
572000.0 65.09687726683815
573000.0 65.10283670898495
574000.0 65.0978112588738
575000.0 65.08242250842463
576000.0 65.07853059052451
577000.0 65.09599472430338
578000.0 65.1128939381505
579000.0 65.11820660401142
580000.0 65.11255636180222
581000.0 65.09667014897768
583000.0 65.08863038225255
584000.0 65.10603111699254
585000.0 65.12264910225782
586000.0 65.12762940221675
587000.0 65.12173070865069
588000.0 65.10563369921195
591000.0 65.09282033844521
592000.0 65.09956036546258
593000.0 65.0952233826473
594000.0 65.0804778114506
595000.0 65.0772104421826
596000.0 65.09552516200645
597000.0 65.1129489189253
598000.0 65.10815804925501
599000.0 65.09293012320795
600000.0 65.08917986631808
601000.0 65.10678641663927
602000.0 65.12395993922016
603000.0 65.1294498970106
604000.0 65.12398581439328
605000.0 65.10804675023894
607000.0 65.09985929968741
608000.0 65.11747294563254
609000.0 65.14485878917904
610000.0 65.16028609891809
611000.0 65.15360125390578
612000.0 65.136603926324
613000.0 65.13108578231652
615000.0 65.16279380994582
616000.0 65.17750414413592
617000.0 65.17041046148742
619000.0 65.15687643235701
621000.0 65.16576925257735
622000.0 65.1698900692843
623000.0 65.16304635733576
624000.0 65.14598458696986
625000.0 65.14051304047537
626000.0 65.15672408286534
627000.0 65.17221782142545
628000.0 65.17622027880313
629000.0 65.16927299065182
630000.0 65.15205935071491
633000.0 65.16794118898154
634000.0 65.18296835736729
637000.0 65.16221456721605
638000.0 65.15607510395168
640000.0 65.16599758373489
641000.0 65.17030041158228
642000.0 65.16422887163309
643000.0 65.14758453769055
644000.0 65.14250202692881
645000.0 65.15908842296479
646000.0 65.1749019390256
647000.0 65.17916661388517
648000.0 65.17251477008992
649000.0 65.15564878248377
650000.0 65.1502623455857
652000.0 65.16119521054804
653000.0 65.16634788370071
655000.0 65.15510178007588
656000.0 65.1500184101578
657000.0 65.16659294696268
659000.0 65.19711880706308
660000.0 65.1899701784595
662000.0 65.17728679449607
663000.0 65.19273913552728
664000.0 65.20755142456186
667000.0 65.18584925908009
668000.0 65.16889394794114
669000.0 65.1634482340681
670000.0 65.17974296600795
671000.0 65.19537228871643
673000.0 65.18207660273056
674000.0 65.16553995564611
675000.0 65.16034631747554
676000.0 65.17691755950712
677000.0 65.1926572749629
679000.0 65.17990900681018
681000.0 65.19024968545641
682000.0 65.21619519446168
683000.0 65.23036893777402
684000.0 65.2330067388154
686000.0 65.21712045835231
687000.0 65.20984687807609
688000.0 65.22404265027528
689000.0 65.23796275082339
690000.0 65.2404837638833
691000.0 65.23216908066347
692000.0 65.21361134014224
693000.0 65.2067406682189
695000.0 65.2359515386893
697000.0 65.26206154197538
698000.0 65.25316166991165
699000.0 65.23388278546048
700000.0 65.22618029964065
701000.0 65.23996691545995
702000.0 65.2534489628382
703000.0 65.25557684808363
704000.0 65.24689104085047
705000.0 65.22799485214702
706000.0 65.22082230406781
707000.0 65.23518329042365
708000.0 65.2597732574946
709000.0 65.2724313475941
710000.0 65.2631801435868
711000.0 65.2436064643228
712000.0 65.23586414998543
713000.0 65.24967480555786
714000.0 65.27375357113763
715000.0 65.28591374010068
716000.0 65.2762363880985
717000.0 65.2562026514663
718000.0 65.24801186080923
719000.0 65.26139792856601
721000.0 65.30775592952698
722000.0 65.31856004401759
723000.0 65.30764040116537
724000.0 65.28643057402536
725000.0 65.27700616252223
726000.0 65.28943450225233
727000.0 65.30130269463623
728000.0 65.3018140371341
729000.0 65.29154693363499
730000.0 65.2713859417924
731000.0 65.26277381138
732000.0 65.27591143849463
733000.0 65.29926094752346
734000.0 65.31102063804325
735000.0 65.31121865872663
736000.0 65.3006843178999
737000.0 65.29087687597489
738000.0 65.3029691085174
739000.0 65.32507926336868
740000.0 65.33570435537162
741000.0 65.33494556166842
742000.0 65.32377272768183
743000.0 65.30228020473761
745000.0 65.28373937236255
746000.0 65.29639078670102
747000.0 65.30834836545192
748000.0 65.30911879252588
749000.0 65.29907154581826
750000.0 65.27884768107114
751000.0 65.27037657042621
753000.0 65.29658689708029
754000.0 65.30876311534894
755000.0 65.29894514221533
756000.0 65.27909094713446
757000.0 65.27060966540348
758000.0 65.28414334382174
759000.0 65.30773904289238
760000.0 65.3194874259829
761000.0 65.31996290113588
762000.0 65.30968472687542
763000.0 65.30007928758221
764000.0 65.31218373127076
765000.0 65.33461986068149
766000.0 65.34525409838616
767000.0 65.34478762626723
769000.0 65.32271745531696
770000.0 65.31256776641996
771000.0 65.32441330987473
772000.0 65.34641622929452
773000.0 65.35667593856925
774000.0 65.34521071522144
775000.0 65.32346664871105
776000.0 65.31353154024941
777000.0 65.32551485990345
779000.0 65.3687337499635
780000.0 65.3781577616959
781000.0 65.36570087066143
783000.0 65.34301970057206
784000.0 65.35392963591092
786000.0 65.37393701401444
789000.0 65.37019690245239
790000.0 65.37985757895528
791000.0 65.39978103347626
793000.0 65.41562538114019
794000.0 65.40176697546407
795000.0 65.38874649692357
796000.0 65.39766578089372
799000.0 65.42159539187121
800000.0 65.40783662378564
802000.0 65.38223975630049
804000.0 65.40051656010985
805000.0 65.41970035014972
806000.0 65.42742144351212
807000.0 65.41370957162725
808000.0 65.38966597266577
809000.0 65.37739631738994
810000.0 65.38720153993565
811000.0 65.4071967309276
812000.0 65.4157135350363
814000.0 65.3897281037229
816000.0 65.38765820307563
817000.0 65.40790468634286
818000.0 65.4166501656346
820000.0 65.39042862818157
821000.0 65.36771995578349
822000.0 65.35687022934351
823000.0 65.36788523122958
825000.0 65.38823157748025
826000.0 65.3763344443756
827000.0 65.35436178486077
828000.0 65.34424664970919
829000.0 65.35580387554145
831000.0 65.39874836415964
832000.0 65.40800944970937
833000.0 65.40626583943894
835000.0 65.40293187293965
836000.0 65.40140471069056
837000.0 65.39996698651808
838000.0 65.3986187004222
839000.0 65.39735290475622
840000.0 65.3853986325119
841000.0 65.36341971064388
842000.0 65.35308455684226
844000.0 65.3757763191162
845000.0 65.38630649959553
846000.0 65.37494451622487
847000.0 65.35350138061406
849000.0 65.35595902781849
850000.0 65.37832089046448
851000.0 65.38891960501917
852000.0 65.38841889861962
855000.0 65.38718048896133
856000.0 65.39761863562487
857000.0 65.41824566903666
858000.0 65.42723273724341
860000.0 65.4021208350093
862000.0 65.37962801242641
863000.0 65.39045176273899
864000.0 65.40098462446879
865000.0 65.40025310443775
866000.0 65.38869976523326
867000.0 65.36713292022164
868000.0 65.35733106416666
869000.0 65.36936125080277
870000.0 65.39162523649156
871000.0 65.4019827074723
872000.0 65.390707312062
873000.0 65.36910413021366
874000.0 65.35934661396445
875000.0 65.3713803090115
876000.0 65.39369980265457
877000.0 65.4041721954489
878000.0 65.40352866880869
879000.0 65.39210323221191
880000.0 65.37066753168524
881000.0 65.37181618943114
882000.0 65.39414798422182
885000.0 65.42384847170932
886000.0 65.41179086808559
887000.0 65.38946059765931
888000.0 65.3789829060603
889000.0 65.39028700597507
890000.0 65.41203215425953
891000.0 65.42193410798808
893000.0 65.3983850663798
894000.0 65.38767501697788
895000.0 65.39869679191534
896000.0 65.41995068160543
897000.0 65.42963830573167
898000.0 65.42799661031287
899000.0 65.41589649911526
900000.0 65.39373735359302
901000.0 65.38343327749124
902000.0 65.39499697158597
903000.0 65.4060489980563
905000.0 65.40564549886851
906000.0 65.39468934472616
907000.0 65.37367595798223
909000.0 65.37695235592544
910000.0 65.39973131516273
911000.0 65.41058258810787
912000.0 65.39978044705795
913000.0 65.37860337826257
914000.0 65.36926451108259
915000.0 65.38163325296493
916000.0 65.40426411294722
917000.0 65.41523737929239
918000.0 65.41491041860058
919000.0 65.4038041569792
920000.0 65.38262174153814
921000.0 65.38394513188518
922000.0 65.40653377052124
924000.0 65.4273317562772
925000.0 65.41585504126066
926000.0 65.39422484344598
927000.0 65.3844094662545
928000.0 65.3962337314121
929000.0 65.40770610729335
931000.0 65.40819479638685
933000.0 65.38747913985232
934000.0 65.37811186885968
935000.0 65.39064757716199
936000.0 65.41316155492581
937000.0 65.42417673531543
938000.0 65.4238503158218
939000.0 65.41283000182665
941000.0 65.4138531285203
942000.0 65.43545782414218
943000.0 65.44560082856168
944000.0 65.44428814906848
945000.0 65.43240807670125
946000.0 65.41049044704741
947000.0 65.40021244094328
949000.0 65.4020837738507
950000.0 65.40295962135741
951000.0 65.39316164449735
953000.0 65.37527322824984
954000.0 65.38809347911418
957000.0 65.42314441053847
958000.0 65.42322134280886
959000.0 65.41259133849336
960000.0 65.39188477726132
961000.0 65.38288809326473
962000.0 65.39572395927173
963000.0 65.40803517342142
965000.0 65.38876138746075
966000.0 65.36927619641597
967000.0 65.36138923211023
969000.0 65.36750640738147
970000.0 65.370414506214
971000.0 65.36241870540914
972000.0 65.34419404403693
973000.0 65.33762593284004
974000.0 65.35267645200985
975000.0 65.37789480307441
976000.0 65.3910925066777
977000.0 65.3930452982896
978000.0 65.38403930750064
979000.0 65.37567960019945
984000.0 65.3883589232151
985000.0 65.37982086528422
986000.0 65.36108271616317
987000.0 65.35401837212756
988000.0 65.36870408462563
989000.0 65.38271004312338
990000.0 65.38530979310408
991000.0 65.37692788265657
992000.0 65.3583798788987
993000.0 65.3515248164099
994000.0 65.36618558167379
995000.0 65.38034672518845
996000.0 65.38303788871254
997000.0 65.37496641237789
998000.0 65.35667224346045
999000.0 65.35004738418894
1000000.0 65.36501376607995
1001000.0 65.39014117245708
1002000.0 65.4033274209964
1003000.0 65.40523327010956
1004000.0 65.39628834650911
1005000.0 65.38790055393368
1006000.0 65.40119750108074
1007000.0 65.42480473920277
1010000.0 65.4578994396862
1011000.0 65.44671961122047
1013000.0 65.44766652740604
1015000.0 65.46860035198034
1016000.0 65.46777523938717
1017000.0 65.45619110537237
1018000.0 65.43461446894194
1019000.0 65.42478284823888
1020000.0 65.43686817091198
1022000.0 65.45899028895074
1023000.0 65.44790271788615
1024000.0 65.42677214248103
1026000.0 65.42991131758865
1027000.0 65.45249338837046
1028000.0 65.4634108932166
1029000.0 65.46316912482249
1030000.0 65.4520789207247
1031000.0 65.43092209186398
1033000.0 65.41268341122016
1034000.0 65.42558421592429
1035000.0 65.43788609444199
1036000.0 65.43886713886957
1037000.0 65.42902624759805
1038000.0 65.40898954373975
1039000.0 65.40068424172911
1040000.0 65.41422690516198
1041000.0 65.43778164621874
1042000.0 65.44961922227864
1044000.0 65.4298698743941
1045000.0 65.4207685382618
1046000.0 65.43354002050766
1048000.0 65.45694581988906
1049000.0 65.45721880082094
1050000.0 65.44668648882794
1052000.0 65.4489832213607
1053000.0 65.47117449070268
1054000.0 65.4817770699279
1055000.0 65.48111138029354
1056000.0 65.46968945542832
1057000.0 65.44825178415603
1058000.0 65.43856190757126
1059000.0 65.45068891967335
1060000.0 65.47306870725168
1062000.0 65.49347265028815
1065000.0 65.49052520684222
1067000.0 65.48886690026269
1068000.0 65.48812366083784
1069000.0 65.48742626037854
1071000.0 65.4652066240119
1072000.0 65.45494269827381
1073000.0 65.46647907087636
1074000.0 65.48816124809093
1075000.0 65.49840324967974
1076000.0 65.49723989350751
1077000.0 65.48546990911616
1078000.0 65.47444410709815
1079000.0 65.4852906312557
1080000.0 65.50637982582454
1082000.0 65.52447482812714
1083000.0 65.51163511876264
1084000.0 65.48875337743853
1085000.0 65.48857016315962
1086000.0 65.50964196376528
1088000.0 65.52786476133151
1089000.0 65.52561542072489
1090000.0 65.51274856802029
1091000.0 65.48994760490248
1092000.0 65.47892468667484
1093000.0 65.48983426389982
1094000.0 65.51084020230417
1096000.0 65.52892105635854
1097000.0 65.51622393531362
1098000.0 65.49347291826838
1099000.0 65.49314785356236
1101000.0 65.53444495733028
1102000.0 65.54291000503642
1103000.0 65.5296034849144
1104000.0 65.50634909432098
1105000.0 65.49479088552825
1106000.0 65.50514432922142
1107000.0 65.52586526427754
1108000.0 65.53481222890711
1109000.0 65.53274338970228
1110000.0 65.5199211244929
1112000.0 65.4753328695581
1113000.0 65.46537186199407
1114000.0 65.47728285970236
1115000.0 65.49924866643222
1117000.0 65.49808347073959
1118000.0 65.47634467723734
1120000.0 65.47850914835179
1121000.0 65.50071330613284
1122000.0 65.51105698635452
1123000.0 65.51031906897809
1124000.0 65.49881299009193
1125000.0 65.47715776546247
1126000.0 65.44573225444921
