339000.0 50.72890501850903
340000.0 50.81462858790678
344000.0 51.16595588547328
345000.0 51.25455483117443
346000.0 51.36075273024825
347000.0 51.50969458189833
349000.0 51.91644177283297
350000.0 52.19329864331786
351000.0 52.54799254839129
352000.0 52.97120245311367
353000.0 53.4826347499825
354000.0 54.0708861538302
355000.0 54.72749616407377
356000.0 55.443429845474164
357000.0 56.21255967473827
358000.0 57.05542489698407
359000.0 57.935520622107546
360000.0 58.84869610383512
361000.0 59.76200216791391
363000.0 61.21480800609697
364000.0 61.73154236424472
368000.0 63.45836820828864
369000.0 63.81664312563211
371000.0 64.24956387770816
373000.0 64.53967243140593
374000.0 64.74251907275291
375000.0 64.94730550870068
376000.0 65.09988387221804
377000.0 65.178232715201
378000.0 65.19251356288692
379000.0 65.23366703832336
382000.0 65.48149326758184
383000.0 65.54302952752539
384000.0 65.54177072064465
385000.0 65.5135891860704
386000.0 65.54550453960856
387000.0 65.65659689822792
388000.0 65.75345667509188
390000.0 65.7542626259604
392000.0 65.70975790839395
393000.0 65.77490303506946
394000.0 65.88671298194922
396000.0 66.01760067851657
397000.0 66.01691127610852
398000.0 65.96097289489484
399000.0 65.9131625711889
400000.0 65.92676976521294
401000.0 65.99439992234387
402000.0 66.0529200270291
404000.0 65.99048503827383
405000.0 65.91167286094321
406000.0 65.87094185333379
407000.0 65.91884758775667
408000.0 65.98756295170288
410000.0 65.99589334076829
412000.0 65.89907333387087
413000.0 65.88917137643267
414000.0 65.96359249257482
415000.0 66.02802598251094
416000.0 66.02937111434892
419000.0 65.96127308580463
420000.0 66.00073356440149
421000.0 66.08972488080774
422000.0 66.14014920890028
424000.0 66.06405147207217
425000.0 65.95171860151423
427000.0 65.66065945752345
428000.0 65.5143341916064
429000.0 65.35765869068038
431000.0 64.99347686078764
432000.0 64.78919608677354
433000.0 64.58213996334376
434000.0 64.37211202164156
435000.0 64.16009358483157
436000.0 63.973740386894455
437000.0 63.80989131491891
438000.0 63.63776843826245
439000.0 63.45918059177139
440000.0 63.302352687571585
442000.0 63.09760800273644
443000.0 63.040234577045624
444000.0 62.98983209864214
445000.0 62.97388551853401
446000.0 62.987171463489375
447000.0 62.99928049873546
448000.0 63.03802618670853
449000.0 63.09962535261754
452000.0 63.32215162119047
454000.0 63.5334496723734
455000.0 63.67526485053582
456000.0 63.82727691210748
458000.0 64.02505147611977
459000.0 64.08004916799278
460000.0 64.1285657546252
461000.0 64.19952038079944
463000.0 64.31426408053785
464000.0 64.33513340286758
465000.0 64.35367418684494
466000.0 64.39822861624975
467000.0 64.46503254387729
468000.0 64.52381820999494
469000.0 64.54739059214
470000.0 64.54102978009313
471000.0 64.5355932454315
472000.0 64.55920581475752
473000.0 64.60713451666582
475000.0 64.63294225147096
476000.0 64.61703224526617
478000.0 64.64553141285955
479000.0 64.68414216441602
480000.0 64.71824363601118
483000.0 64.72031279907374
484000.0 64.72295763692024
485000.0 64.75309173790376
486000.0 64.7515566009473
487000.0 64.72288553487739
488000.0 64.69795407150254
489000.0 64.70446985635881
490000.0 64.73756626200051
491000.0 64.76680214590745
492000.0 64.76446657577647
493000.0 64.73511589004865
494000.0 64.7377144946061
495000.0 64.76748956049099
496000.0 64.79381731678284
497000.0 64.78888133085347
498000.0 64.75743845903372
499000.0 64.72987213565463
500000.0 64.73409818578966
501000.0 64.76514422450045
502000.0 64.79250173751147
504000.0 64.78394309549581
505000.0 64.75410591208421
506000.0 64.75629631902922
507000.0 64.7854910440791
508000.0 64.81129786113782
509000.0 64.80591996196023
510000.0 64.7740166537776
511000.0 64.74621876589745
512000.0 64.74996243005084
513000.0 64.7808307158226
514000.0 64.80802368844995
516000.0 64.7990889470186
517000.0 64.79720276514998
520000.0 64.86565403956133
521000.0 64.85543373696646
522000.0 64.81935590969502
523000.0 64.81593432457599
524000.0 64.84028104313167
525000.0 64.86182583600923
526000.0 64.85265813342492
527000.0 64.81747140784728
529000.0 64.7597705447215
530000.0 64.7643841518319
531000.0 64.79586263517882
532000.0 64.82366093181489
533000.0 64.82009324675828
534000.0 64.7898106417482
535000.0 64.79110937390371
536000.0 64.82004337763034
537000.0 64.84563584432469
538000.0 64.86780305054154
539000.0 64.85986997758167
540000.0 64.82562321630552
541000.0 64.8238530903019
542000.0 64.8779463519877
543000.0 64.92452381381679
544000.0 64.91012073440349
545000.0 64.87038639399343
546000.0 64.8637879549333
547000.0 64.88554248636532
548000.0 64.90469956438527
549000.0 64.92154773561913
550000.0 64.90865831820831
551000.0 64.8700232076759
552000.0 64.8643806852079
553000.0 64.91482631970315
554000.0 64.95856857576376
556000.0 64.92595983172968
557000.0 64.88584921628082
559000.0 64.8745990261586
560000.0 64.92484429113243
561000.0 64.9681977858949
562000.0 64.97927569905734
563000.0 64.96084685639256
564000.0 64.91763101886386
565000.0 64.90794285810162
566000.0 64.95505902172809
567000.0 64.9955019848076
568000.0 64.97569683213064
569000.0 64.9311885058262
570000.0 64.9205780040858
571000.0 64.96675460611253
572000.0 65.00652607165512
573000.0 65.01439148943285
574000.0 64.99311707937557
575000.0 64.94748219502645
576000.0 64.93563288273002
577000.0 64.98087434203151
578000.0 65.0197737628211
579000.0 65.02681481106244
580000.0 65.00495674841751
581000.0 64.95855360874806
583000.0 64.9364777510897
584000.0 64.98253728224414
585000.0 65.02209041611702
586000.0 65.02974676142205
587000.0 65.00828066219601
588000.0 64.96243703180268
591000.0 64.93418793046968
592000.0 64.9531922762635
593000.0 64.94181137227471
594000.0 64.90455900325277
595000.0 64.90032693755622
596000.0 64.95217057826963
597000.0 64.99676086657392
598000.0 64.980862973737
599000.0 64.93959286255453
600000.0 64.93172716591452
601000.0 64.9799863511367
602000.0 65.02202890533536
603000.0 65.03172908614536
604000.0 65.0122252000431
605000.0 64.96803338115205
607000.0 64.94962101711816
608000.0 64.9968921485177
609000.0 65.06581774084282
610000.0 65.0983826866516
611000.0 65.07162517464565
612000.0 65.02109222629443
613000.0 65.00495765535854
615000.0 65.08403791990185
616000.0 65.11514568805187
617000.0 65.08722110453427
619000.0 65.04419871240472
621000.0 65.06166199814595
622000.0 65.06902759352023
623000.0 65.04744081341961
624000.0 65.00124556136458
625000.0 64.98907293524945
626000.0 65.03400013110954
627000.0 65.0725844733384
628000.0 65.0792937819271
629000.0 65.05718732389909
630000.0 65.0105375605256
633000.0 65.05904246445031
634000.0 65.09547886347903
637000.0 65.03065685441834
638000.0 65.01656290519779
640000.0 65.04458365015269
641000.0 65.05620967577312
642000.0 65.03829696345912
643000.0 64.99573534804301
644000.0 64.986356673319
645000.0 65.03364877028359
646000.0 65.07446251795439
647000.0 65.0832861100348
648000.0 65.06291267556631
649000.0 65.01783646873405
650000.0 65.00657039119227
652000.0 65.03950112150186
653000.0 65.05312556990087
655000.0 65.02204796026417
656000.0 65.01105683863368
657000.0 65.05694328918992
659000.0 65.1299050961159
660000.0 65.10524767153005
662000.0 65.06876546764872
663000.0 65.10801558141172
664000.0 65.14200290486906
667000.0 65.07148103696281
668000.0 65.02766554427835
669000.0 65.01755155153997
670000.0 65.06417746758017
671000.0 65.10421800806198
673000.0 65.0653606148985
674000.0 65.02298700332754
675000.0 65.01414559452421
676000.0 65.06194558942097
677000.0 65.10298163770074
679000.0 65.06558903710491
681000.0 65.0957001592754
682000.0 65.16151897550206
683000.0 65.19125534911981
684000.0 65.19006143761172
686000.0 65.13461161160691
687000.0 65.11367602571227
688000.0 65.15078249288274
689000.0 65.18241298497274
690000.0 65.18272630366307
691000.0 65.15545249831388
692000.0 65.10434751411525
693000.0 65.08761637798092
695000.0 65.16587279287921
697000.0 65.22219735413613
698000.0 65.19101734837365
699000.0 65.13630027482981
700000.0 65.11653124966584
701000.0 65.1544915049902
702000.0 65.18718480719558
703000.0 65.1886972399501
704000.0 65.1621054385264
705000.0 65.1114681810884
706000.0 65.09524942693189
707000.0 65.13651092738603
708000.0 65.20044452597129
709000.0 65.22841140256885
710000.0 65.19762589047629
711000.0 65.143560469596
712000.0 65.12422769360776
713000.0 65.16286285138331
714000.0 65.22404696825464
715000.0 65.2498953368132
716000.0 65.21717490621211
717000.0 65.16144496171694
718000.0 65.14059801220876
719000.0 65.1779744184973
721000.0 65.29130549284376
722000.0 65.30975290999714
723000.0 65.27073037379547
724000.0 65.20924284740562
725000.0 65.18352774648028
726000.0 65.21613115240716
727000.0 65.24415675914717
728000.0 65.24171749321583
729000.0 65.21142254878998
730000.0 65.15788369331383
731000.0 65.13887404601886
732000.0 65.17768139917798
733000.0 65.23918688971965
734000.0 65.26530544506673
735000.0 65.26099331637562
736000.0 65.22909288731799
737000.0 65.20217676286094
738000.0 65.23416807929881
739000.0 65.28956904068897
740000.0 65.31028339620725
741000.0 65.3011247660653
742000.0 65.26519681199852
743000.0 65.20635963187263
745000.0 65.16392192203321
746000.0 65.20140508463818
747000.0 65.23338411957604
748000.0 65.23440673331812
749000.0 65.20722579611397
750000.0 65.15631567846103
751000.0 65.13963808255198
753000.0 65.21775564649364
754000.0 65.24855899791066
755000.0 65.22041352757161
756000.0 65.16834234969551
757000.0 65.15093180675792
758000.0 65.19107824214717
759000.0 65.25379476100966
760000.0 65.28095239907023
761000.0 65.27731411352184
762000.0 65.24611105601132
763000.0 65.21997694252015
764000.0 65.25243851355667
765000.0 65.30839826416839
766000.0 65.32961282722545
767000.0 65.32093064758108
769000.0 65.25266303442106
770000.0 65.2264792380245
771000.0 65.25883457195577
772000.0 65.31488711382129
773000.0 65.33589083317865
774000.0 65.29924160997354
775000.0 65.2397541306778
776000.0 65.21574195855011
777000.0 65.2502675600934
779000.0 65.35868901139446
780000.0 65.37517699918251
781000.0 65.33445159006166
783000.0 65.27051353206183
784000.0 65.29871219530415
786000.0 65.34343897992633
789000.0 65.32197220518532
790000.0 65.34501989199605
791000.0 65.39244208701336
793000.0 65.41703399867342
794000.0 65.3728023948896
795000.0 65.33461701183828
796000.0 65.35647742560589
799000.0 65.40233202005051
800000.0 65.36009764119837
802000.0 65.29383223507095
804000.0 65.34707427042359
805000.0 65.39570925659255
806000.0 65.41049396684454
807000.0 65.3679532955681
808000.0 65.30349744596232
809000.0 65.2752155192712
810000.0 65.30591079877122
811000.0 65.36015905136625
812000.0 65.37971327080528
814000.0 65.30703768612636
816000.0 65.30955597179646
817000.0 65.36387123539454
818000.0 65.38357451635177
820000.0 65.31095374942994
821000.0 65.25459979080597
822000.0 65.23341002879926
823000.0 65.27031112589312
825000.0 65.328459247238
826000.0 65.29786625480064
827000.0 65.24374580797434
828000.0 65.22446021074406
829000.0 65.26314049351515
831000.0 65.37817066681652
832000.0 65.3976417380849
833000.0 65.38751479366452
835000.0 65.37146893364701
836000.0 65.39302898345335
837000.0 65.43932531481468
838000.0 65.45200571641807
839000.0 65.43559021962052
840000.0 65.3933511569269
841000.0 65.32898940700525
842000.0 65.30082563399874
844000.0 65.35980138363936
845000.0 65.3825879706478
846000.0 65.34718114642689
847000.0 65.28902801722111
849000.0 65.30163922050305
850000.0 65.36008083547502
851000.0 65.38352216670941
852000.0 65.37688814255353
855000.0 65.36197890694619
856000.0 65.38657581571094
857000.0 65.43553548800791
858000.0 65.45059589985998
860000.0 65.37024478812515
862000.0 65.31274000347072
863000.0 65.34401004443025
864000.0 65.37051289035604
865000.0 65.3666955323607
866000.0 65.3350860775057
867000.0 65.28039506887168
868000.0 65.26040576915194
869000.0 65.29852918846365
870000.0 65.3592985972895
871000.0 65.384517597223
872000.0 65.35131322722589
873000.0 65.29505221496089
874000.0 65.27400577844257
875000.0 65.31106600556456
876000.0 65.3709027361061
877000.0 65.39543281194561
878000.0 65.3896860879608
879000.0 65.35669044375064
880000.0 65.30057036931534
881000.0 65.30770726701725
882000.0 65.3683877564082
885000.0 65.43228040260173
886000.0 65.39478329962948
887000.0 65.33459167546178
888000.0 65.31002048929331
889000.0 65.34391766031517
890000.0 65.40100550027547
891000.0 65.42316958859357
893000.0 65.35439218708547
894000.0 65.32787918935679
895000.0 65.36026296449934
896000.0 65.41605971442304
897000.0 65.43689834477952
898000.0 65.42776071905644
899000.0 65.39195512240327
900000.0 65.33321467218107
901000.0 65.30994288939695
902000.0 65.3451181246605
903000.0 65.37521371792715
905000.0 65.37366082594609
906000.0 65.34486612608784
907000.0 65.2924832914091
909000.0 65.31480785691545
910000.0 65.37722103139829
911000.0 65.40388733762599
912000.0 65.37195430375594
913000.0 65.31681064750674
914000.0 65.29673139793644
915000.0 65.33463882118473
916000.0 65.39521662093982
917000.0 65.42039512745733
918000.0 65.41520910899092
919000.0 65.38270592184085
920000.0 65.32701566573196
921000.0 65.33452668121147
922000.0 65.39553927332146
924000.0 65.44249598469425
925000.0 65.40708051457199
926000.0 65.34884682867393
927000.0 65.32606257559782
928000.0 65.36156858223183
929000.0 65.39175083193304
931000.0 65.39063676480953
933000.0 65.33581186295042
934000.0 65.31509863046331
935000.0 65.35244834539326
936000.0 65.41256704313848
937000.0 65.43740440134656
938000.0 65.43170741027181
939000.0 65.3990321294887
941000.0 65.40213446489153
942000.0 65.45681891203459
943000.0 65.4767224265392
944000.0 65.46704377130435
945000.0 65.43050098117983
946000.0 65.37108511949364
947000.0 65.34720881901953
949000.0 65.35921527164717
950000.0 65.36424409340549
951000.0 65.34059478141766
953000.0 65.30476937306655
954000.0 65.34501973186212
957000.0 65.43373114159195
958000.0 65.43033875516763
959000.0 65.39936806241933
960000.0 65.3449534288076
961000.0 65.32546439258738
962000.0 65.36386603901764
963000.0 65.3967559018715
965000.0 65.3456210376404
966000.0 65.29803929030247
967000.0 65.28454518536083
969000.0 65.31385203793347
970000.0 65.32593265837225
971000.0 65.3084798391298
972000.0 65.26595518903771
973000.0 65.25695683509142
974000.0 65.30459289073319
975000.0 65.37370108194486
976000.0 65.4064516913821
977000.0 65.40767748311006
978000.0 65.38110270037052
979000.0 65.35867085635218
984000.0 65.3890941377749
985000.0 65.36511441100551
986000.0 65.31692693916065
987000.0 65.3029074142052
988000.0 65.34604993182036
989000.0 65.38316799617859
990000.0 65.38852704684719
991000.0 65.36506213025581
992000.0 65.3174482894915
993000.0 65.30380860641758
994000.0 65.34742279158313
995000.0 65.3848420071234
996000.0 65.39053361741148
997000.0 65.36741265769909
998000.0 65.3198593295125
999000.0 65.30638253326964
1000000.0 65.35017903548902
1001000.0 65.41599035723057
1002000.0 65.44567253158537
1003000.0 65.44451329534142
1004000.0 65.41534490521819
1005000.0 65.39087433528171
1006000.0 65.42476785011114
1007000.0 65.48195771323273
1010000.0 65.53752840833198
1011000.0 65.49765001353393
1013000.0 65.48952591589865
1015000.0 65.52925074870595
1016000.0 65.518852153209
1017000.0 65.48204396011413
1018000.0 65.42232387282044
1019000.0 65.39813401241929
1020000.0 65.43245697757632
1022000.0 65.48601424733198
1023000.0 65.45336825220535
1024000.0 65.39768081847751
1026000.0 65.41422910112539
1027000.0 65.47423096500859
1028000.0 65.49898212355728
1029000.0 65.49339079210645
1030000.0 65.4603916259265
1031000.0 65.40420442599809
1033000.0 65.36605854284821
1034000.0 65.40528375403329
1035000.0 65.43875210528475
1036000.0 65.4409973886295
1037000.0 65.41472823966566
1038000.0 65.36491243877751
1039000.0 65.34922326442808
1040000.0 65.39095881685405
1041000.0 65.45476657024274
1042000.0 65.48285188173
1044000.0 65.42413783234251
1045000.0 65.40171624897437
1046000.0 65.43721032436356
1048000.0 65.49393603495561
1049000.0 65.49054669637866
1050000.0 65.45966633142422
1052000.0 65.46582753789107
1053000.0 65.52165341597919
1054000.0 65.54252759299665
1055000.0 65.53372523548165
1056000.0 65.49788175785051
1057000.0 65.43915237651913
1058000.0 65.4158369064854
1059000.0 65.45097186938274
1060000.0 65.50906747368573
1062000.0 65.55102899431301
1065000.0 65.52686545172125
1067000.0 65.56984254957656
1068000.0 65.58596863345927
1069000.0 65.57293156843835
1071000.0 65.49731873271202
1072000.0 65.46803707819498
1073000.0 65.49777775702269
1074000.0 65.55136922952549
1075000.0 65.57033906866005
1076000.0 65.55976259856902
1077000.0 65.52238292452006
1078000.0 65.49056150803085
1079000.0 65.5179420307517
1080000.0 65.56952110286028
1082000.0 65.60042753363479
1083000.0 65.55836554824207
1084000.0 65.49449518318521
1085000.0 65.49464496125145
1086000.0 65.54946723506572
1088000.0 65.58618729385186
1089000.0 65.57431961161062
1090000.0 65.53603277912192
1091000.0 65.47505611624025
1092000.0 65.4499095394729
1093000.0 65.4832552344346
1094000.0 65.54001378261329
1096000.0 65.57957653118528
1097000.0 65.54109296949395
1098000.0 65.48010537116222
1099000.0 65.48301928148078
1101000.0 65.59055152002068
1102000.0 65.60665382175479
1103000.0 65.5653073537152
1104000.0 65.50226142977087
1105000.0 65.47414408240097
1106000.0 65.50547610725086
1107000.0 65.56037527866992
1108000.0 65.58059638940485
1109000.0 65.57113668904374
1110000.0 65.53460092988645
1112000.0 65.42324211213446
1113000.0 65.4057491922393
1114000.0 65.44599803011171
1115000.0 65.5086298268583
1117000.0 65.50374651417474
1118000.0 65.44873174387764
1120000.0 65.4666832339996
1121000.0 65.5272776263918
1122000.0 65.55246375628612
1123000.0 65.54726182561835
1124000.0 65.5147296269521
1125000.0 65.45867650261746
1126000.0 65.3812802571993
