339000.0 50.7300031137183
340000.0 50.76188200920074
344000.0 50.91543305882545
345000.0 50.960100951907904
346000.0 51.01283879056141
347000.0 51.08389562686052
349000.0 51.2778422566416
350000.0 51.40953980299971
351000.0 51.57679439036065
352000.0 51.778127594382006
353000.0 52.02216155273592
354000.0 52.30703076642688
355000.0 52.63103145292951
356000.0 52.99241274059931
357000.0 53.38962616807674
358000.0 53.83137895329672
359000.0 54.305334336782735
360000.0 54.810138483748936
361000.0 55.333949089983236
363000.0 56.293004518127326
364000.0 56.71057422130212
368000.0 58.286517906650886
369000.0 58.65803969008484
371000.0 59.29227574494933
373000.0 59.852949090574164
374000.0 60.145766986098316
375000.0 60.43625756443723
376000.0 60.70362614053195
377000.0 60.93859395852464
378000.0 61.14294022009921
379000.0 61.348378893789146
382000.0 61.97269769260801
383000.0 62.16259353016403
384000.0 62.32380935715368
385000.0 62.4674860361843
386000.0 62.6256030000301
387000.0 62.807770244909605
388000.0 62.98184357512486
390000.0 63.24713577192157
392000.0 63.47004101041027
393000.0 63.605097786245345
394000.0 63.7547528987385
396000.0 64.01436920353726
397000.0 64.11519766520469
398000.0 64.19104931229782
399000.0 64.2637306801835
400000.0 64.3538770205962
401000.0 64.46043251630547
402000.0 64.56250511717437
404000.0 64.69263191698187
405000.0 64.73329787082173
406000.0 64.78249759495797
407000.0 64.86037817231345
408000.0 64.9452538951341
410000.0 65.06336035583442
412000.0 65.13104785828637
413000.0 65.1733103039437
414000.0 65.24454449898214
415000.0 65.31263300847122
416000.0 65.35724095793772
419000.0 65.45022599372173
420000.0 65.49926941717746
421000.0 65.56684925889188
422000.0 65.62102937428926
424000.0 65.66146824538886
425000.0 65.64974494363378
427000.0 65.58736786839401
428000.0 65.54784937700984
429000.0 65.50001279016949
431000.0 65.36968903584767
432000.0 65.28837618437328
433000.0 65.20037547923457
434000.0 65.10585489040828
435000.0 65.00525056053797
436000.0 64.90908575932403
437000.0 64.8171562103912
438000.0 64.71892069455428
439000.0 64.61478031044938
440000.0 64.51547617495915
442000.0 64.34942400847893
443000.0 64.28217205799697
444000.0 64.21788618961669
445000.0 64.16676088977762
446000.0 64.12814791333683
447000.0 64.09128673858407
448000.0 64.0664125343082
449000.0 64.05294830044178
452000.0 64.04644991099221
454000.0 64.0830635290021
455000.0 64.12039112695064
456000.0 64.16664215076612
458000.0 64.23267438265464
459000.0 64.25341812635317
460000.0 64.27328464190697
461000.0 64.30268514080578
463000.0 64.35739807539612
464000.0 64.37279650693428
465000.0 64.38764408388245
466000.0 64.41217840775661
467000.0 64.44591144471744
468000.0 64.47808596498123
469000.0 64.49861911669105
470000.0 64.50801135659177
471000.0 64.51704175438516
472000.0 64.5360324947193
473000.0 64.56451218902693
475000.0 64.59757406870024
476000.0 64.60285649177584
478000.0 64.63299278427291
479000.0 64.65737630125264
480000.0 64.68067064199005
483000.0 64.71452936447007
484000.0 64.72516491601525
485000.0 64.74557793759467
486000.0 64.75486750706345
487000.0 64.75348610547046
488000.0 64.75235140871985
489000.0 64.76150580683468
490000.0 64.78046721450191
491000.0 64.79848322424772
492000.0 64.80558763845164
493000.0 64.80213307817691
494000.0 64.8092062339971
495000.0 64.82623582458373
496000.0 64.84244813933317
497000.0 64.84772250006331
498000.0 64.84251735390582
499000.0 64.8376965216705
500000.0 64.84338547542912
501000.0 64.85905786923655
502000.0 64.87395741480594
504000.0 64.88179161638654
505000.0 64.8753133103897
506000.0 64.87945223946815
507000.0 64.89368201360227
508000.0 64.90730302705026
509000.0 64.91000394039595
510000.0 64.90226110799668
511000.0 64.89499878940502
512000.0 64.89844016347439
513000.0 64.91195531343674
514000.0 64.92488362276949
516000.0 64.92877042327036
517000.0 64.93081674822209
520000.0 64.96606298393363
521000.0 64.96659109261067
522000.0 64.9567523771359
523000.0 64.95755801410532
524000.0 64.96875990716462
525000.0 64.97953221970637
526000.0 64.97948598189309
527000.0 64.96925262799077
529000.0 64.95011645403866
530000.0 64.95157862733232
531000.0 64.96323254430229
532000.0 64.97433774293908
533000.0 64.9746738910489
534000.0 64.96486462278895
535000.0 64.96579416201052
536000.0 64.97694099956503
537000.0 64.98765431674295
538000.0 64.99785381996152
539000.0 64.9974258275136
540000.0 64.98666242180121
541000.0 64.98678433188182
542000.0 65.00754611216583
543000.0 65.02731094235313
544000.0 65.0256673577629
545000.0 65.01386419730329
546000.0 65.01290362414755
547000.0 65.02222874665081
548000.0 65.03122178204173
549000.0 65.03978154156034
550000.0 65.0376681036818
551000.0 65.02552150945189
552000.0 65.02425490266236
553000.0 65.04345478235841
554000.0 65.06202025357541
556000.0 65.05599995319506
557000.0 65.04320340599789
559000.0 65.03966429071043
560000.0 65.05853680329176
561000.0 65.07649671431004
562000.0 65.08328248028555
563000.0 65.07949958769751
564000.0 65.06578446026788
565000.0 65.06302283759521
566000.0 65.08103996823569
567000.0 65.09815518798762
568000.0 65.09417168729337
569000.0 65.07989847255527
570000.0 65.07656102440737
571000.0 65.09410754117762
572000.0 65.11091998320606
573000.0 65.11649101677138
574000.0 65.1115786309148
575000.0 65.09671161370466
576000.0 65.09291332549766
577000.0 65.10955118960395
578000.0 65.12578017983932
579000.0 65.13083207801861
580000.0 65.12543117064749
581000.0 65.1101150488216
583000.0 65.10207886094362
584000.0 65.11865141230676
585000.0 65.1348044528395
586000.0 65.1397812449334
587000.0 65.13422799126715
588000.0 65.11864461314661
591000.0 65.10612418075524
592000.0 65.11253284293285
593000.0 65.10830007782475
594000.0 65.09405244341241
595000.0 65.09081685070683
596000.0 65.10803463808863
597000.0 65.12468883013062
598000.0 65.12013118832863
599000.0 65.10540763212406
600000.0 65.10176262459657
601000.0 65.118771080426
602000.0 65.1351308140465
603000.0 65.1403715960774
604000.0 65.1350713104031
605000.0 65.11992035837638
607000.0 65.11194622650046
608000.0 65.12865702730399
609000.0 65.15499582316971
610000.0 65.16987339639174
611000.0 65.16349718419333
612000.0 65.14714210431563
613000.0 65.14195233459495
615000.0 65.17275066811902
616000.0 65.18698000806086
617000.0 65.18006186631577
619000.0 65.16752684538667
621000.0 65.17599257994118
622000.0 65.17994139965707
623000.0 65.17340635252586
624000.0 65.15700455627717
625000.0 65.1517025302372
626000.0 65.16694484208419
627000.0 65.18178769256619
628000.0 65.18559785274105
629000.0 65.17893752641909
630000.0 65.16239208497664
633000.0 65.17722780226735
634000.0 65.19180134261157
637000.0 65.17196932787387
638000.0 65.16625221436784
640000.0 65.17574813949201
641000.0 65.17998907117885
642000.0 65.17382163483728
643000.0 65.15791968210115
644000.0 65.15292639028185
645000.0 65.16882132566023
646000.0 65.18395450411698
647000.0 65.18816210622387
648000.0 65.1818251766643
649000.0 65.16546875827186
650000.0 65.16033535706785
652000.0 65.17073576939714
653000.0 65.17565411761584
655000.0 65.16453163883706
656000.0 65.15946756390827
657000.0 65.17501257719486
659000.0 65.20434219040133
660000.0 65.19773603878072
662000.0 65.18553221103804
663000.0 65.20044559693719
664000.0 65.21456733545553
667000.0 65.1938704411619
668000.0 65.17753018859385
669000.0 65.17217462457971
670000.0 65.18767474741698
671000.0 65.20252816297595
673000.0 65.18988140132255
674000.0 65.17393071255242
675000.0 65.16900486722773
676000.0 65.18465733009576
677000.0 65.19986475291222
679000.0 65.18760622784211
681000.0 65.1975133037233
682000.0 65.22235341168619
683000.0 65.23610311440848
684000.0 65.23879292879846
686000.0 65.22349774086375
687000.0 65.21662450877942
688000.0 65.23054287378159
689000.0 65.2439626990807
690000.0 65.2463883118225
691000.0 65.23843472910593
692000.0 65.22067220999868
693000.0 65.21407148503899
695000.0 65.24216548264617
697000.0 65.267127197132
698000.0 65.25842569466121
699000.0 65.23994181953631
700000.0 65.23267697173002
701000.0 65.24604970609136
702000.0 65.2590919364474
703000.0 65.26117058149455
704000.0 65.25287588351502
705000.0 65.23480195747304
706000.0 65.22788976348599
707000.0 65.24169152105793
708000.0 65.26554081838763
709000.0 65.27779469250541
710000.0 65.2689122783553
711000.0 65.25017604145573
712000.0 65.24268109630921
713000.0 65.25607726812359
714000.0 65.27907855055271
715000.0 65.29090024100385
716000.0 65.28163853138662
717000.0 65.26245302117225
718000.0 65.25457435050033
719000.0 65.26745592034904
721000.0 65.312064142047
722000.0 65.3225034239002
723000.0 65.31213002075512
724000.0 65.29163412237578
725000.0 65.28250962856372
726000.0 65.29407012233209
727000.0 65.30544564513707
728000.0 65.3060194891083
729000.0 65.2962906125241
730000.0 65.27680251015084
731000.0 65.26858948402177
732000.0 65.28113295621402
733000.0 65.30375199451278
734000.0 65.31506893622125
735000.0 65.31532957033873
736000.0 65.30532188164858
737000.0 65.29596628197008
738000.0 65.30758940289688
739000.0 65.32894803856347
740000.0 65.33910267394253
741000.0 65.33844199645111
742000.0 65.32752175500003
743000.0 65.30704218136214
745000.0 65.28893910644504
746000.0 65.30091727698175
747000.0 65.31262682117732
748000.0 65.31324611908205
749000.0 65.30362344633798
750000.0 65.28420891422414
751000.0 65.27600476804703
753000.0 65.30116973896111
754000.0 65.31288027765311
755000.0 65.30345131724383
756000.0 65.28422514061127
757000.0 65.27617419926803
758000.0 65.28906270459296
759000.0 65.31150140427907
760000.0 65.32295060209083
761000.0 65.32353122733537
762000.0 65.31372021289228
763000.0 65.30454059631204
764000.0 65.31632586694485
765000.0 65.33777482251743
766000.0 65.3481256813039
767000.0 65.34770396005837
769000.0 65.32666898179535
770000.0 65.31703297095399
771000.0 65.32842319477125
772000.0 65.34945462709663
773000.0 65.35955032776792
774000.0 65.34877204502618
775000.0 65.32800578724492
776000.0 65.31834012679013
777000.0 65.32982059148843
779000.0 65.37147679587504
780000.0 65.38058758550522
781000.0 65.3687626460718
783000.0 65.34706341149169
784000.0 65.35236958333044
786000.0 65.36962954544978
789000.0 65.36709362478526
790000.0 65.37675841004427
791000.0 65.39618342952204
793000.0 65.4120354820666
794000.0 65.39918068387851
795000.0 65.38685733508177
796000.0 65.39565281096004
799000.0 65.41933804374834
800000.0 65.40614088100881
802000.0 65.38189073341653
804000.0 65.40014796056056
805000.0 65.41891520718906
806000.0 65.42655927104204
807000.0 65.41326860443677
808000.0 65.3901952597486
809000.0 65.37857813636941
810000.0 65.38812226645575
811000.0 65.40753307699741
812000.0 65.41570836483376
814000.0 65.39093672701408
816000.0 65.38897710485526
817000.0 65.40852705838743
818000.0 65.41691660229814
820000.0 65.39193944211311
821000.0 65.37014578613669
822000.0 65.35972694956581
823000.0 65.37014868974782
825000.0 65.38972220546637
826000.0 65.37839143514135
827000.0 65.35730546443304
828000.0 65.34756687594813
829000.0 65.35863720673476
831000.0 65.39989441778658
832000.0 65.40882881912387
833000.0 65.40719531143459
835000.0 65.4041060093761
836000.0 65.4130689393802
837000.0 65.43188640427545
838000.0 65.43955508862483
839000.0 65.43669750104853
840000.0 65.42350308797906
841000.0 65.40075646671366
842000.0 65.38921303621255
844000.0 65.40841301755793
845000.0 65.4172781030037
846000.0 65.4051078983154
847000.0 65.38325972881555
849000.0 65.38311477231525
850000.0 65.40351387567688
851000.0 65.41267186855816
852000.0 65.4112142190096
855000.0 65.40749079661256
856000.0 65.4167072130285
857000.0 65.4356991717992
858000.0 65.44371231418437
860000.0 65.41791897094646
862000.0 65.39503446312817
863000.0 65.40453999935437
864000.0 65.41394383731456
865000.0 65.41260677903222
866000.0 65.40099675296534
867000.0 65.3797459732993
868000.0 65.36981234231996
869000.0 65.38071140912919
870000.0 65.40175055473324
871000.0 65.41143539963203
872000.0 65.4002368479801
873000.0 65.3790190310931
874000.0 65.36914701258276
875000.0 65.38028052287784
876000.0 65.4012771417679
877000.0 65.41120764316226
878000.0 65.41019690236803
879000.0 65.39895943596129
880000.0 65.37809519524711
881000.0 65.37883577203868
882000.0 65.40003763947298
885000.0 65.42808648258756
886000.0 65.4162195098781
887000.0 65.39466670426901
888000.0 65.38440653269909
889000.0 65.39525398874048
890000.0 65.41588296853364
891000.0 65.42522490610949
893000.0 65.40245448349671
894000.0 65.39196006950233
895000.0 65.40255207534153
896000.0 65.4228768543703
897000.0 65.43219002733191
898000.0 65.43079658300262
899000.0 65.41911051466981
900000.0 65.39767115922558
901000.0 65.38752662832621
902000.0 65.39844106758514
903000.0 65.40885077791664
905000.0 65.40809279840587
906000.0 65.39764874836601
907000.0 65.37727160341987
909000.0 65.37999344189873
910000.0 65.40169605936507
911000.0 65.4120687298208
912000.0 65.40137512966444
913000.0 65.38088319093521
914000.0 65.3717805560541
915000.0 65.3834299598368
916000.0 65.40507935224237
917000.0 65.41540367782304
918000.0 65.41506327471802
919000.0 65.40419532260408
920000.0 65.38384313519558
921000.0 65.3849200782341
922000.0 65.40663498907588
924000.0 65.42674712399295
925000.0 65.41577717394071
926000.0 65.39490148096793
927000.0 65.38535981810678
928000.0 65.39687434681105
929000.0 65.40788689695435
931000.0 65.40830407795713
933000.0 65.38833341206555
934000.0 65.37929638147709
935000.0 65.39101949366142
936000.0 65.41268907568075
937000.0 65.42303903495868
938000.0 65.42274015567679
939000.0 65.41204454337554
941000.0 65.41281231509032
942000.0 65.43365207514323
943000.0 65.44320101874928
944000.0 65.44214261378889
945000.0 65.43069909861974
946000.0 65.40957357998388
947000.0 65.39971076094416
949000.0 65.40144259186415
950000.0 65.40223472083865
951000.0 65.39262160305044
953000.0 65.37526461274882
954000.0 65.38771801212086
957000.0 65.42134458832722
958000.0 65.42133083286289
959000.0 65.41127703892117
960000.0 65.39125021851254
961000.0 65.38250600241682
962000.0 65.39475424991402
963000.0 65.40641301815107
965000.0 65.3877668395136
966000.0 65.36882116714713
967000.0 65.36111079957396
969000.0 65.36686068104805
970000.0 65.3695680843283
971000.0 65.36180409551656
972000.0 65.34418194405616
973000.0 65.33775976860692
974000.0 65.35200994048995
975000.0 65.376197359853
976000.0 65.38909225192975
977000.0 65.39092228070267
978000.0 65.38235722940995
979000.0 65.37406950501368
984000.0 65.38608116283064
985000.0 65.38823432938138
986000.0 65.39031053630987
987000.0 65.39231323458186
988000.0 65.39424587516311
989000.0 65.39611190901928
990000.0 65.39791453083406
991000.0 65.3996553474202
992000.0 65.40133692026336
993000.0 65.4029620634874
994000.0 65.40453359121615
995000.0 65.40605431757355
996000.0 65.40752746508277
997000.0 65.40904854501383
998000.0 65.41074138755877
999000.0 65.41268922366669
1000000.0 65.42419221109228
1001000.0 65.44555489133441
1002000.0 65.45579489614279
1003000.0 65.45510541373679
1004000.0 65.4441818815007
1005000.0 65.43388032898187
1006000.0 65.44444216779667
1007000.0 65.46511755997591
1010000.0 65.49159439876703
1011000.0 65.47935878042608
1013000.0 65.47711794279587
1015000.0 65.49451663863296
1016000.0 65.49245801976336
1017000.0 65.48006441775762
1018000.0 65.45813454685248
1019000.0 65.44741264354455
1020000.0 65.45780060901025
1022000.0 65.47675391421964
1023000.0 65.46532342349353
1024000.0 65.44414598762118
1026000.0 65.44520781851566
1027000.0 65.46611548942761
1028000.0 65.47576188142675
1029000.0 65.4747730240554
1030000.0 65.46336024286848
1031000.0 65.44243009345841
1033000.0 65.42363871655483
1034000.0 65.43529608146723
1035000.0 65.44643950620734
1036000.0 65.44684920929848
1037000.0 65.43696458391292
1038000.0 65.41726173255678
1039000.0 65.40876382933284
1040000.0 65.421045530253
1041000.0 65.44318880330388
1042000.0 65.45420819280645
1044000.0 65.43412889040603
1045000.0 65.42491028593729
1046000.0 65.43671567355025
1048000.0 65.45859734238621
1049000.0 65.45856629886624
1050000.0 65.44846569618947
1052000.0 65.45006934744761
1053000.0 65.4712325508683
1054000.0 65.48119532657017
1055000.0 65.48044610134241
1056000.0 65.46929815839181
1057000.0 65.44848124969545
1058000.0 65.43897437583948
1059000.0 65.45026686442681
1060000.0 65.47169329826804
1062000.0 65.49146991801538
1065000.0 65.48826974003909
1067000.0 65.48647701367675
1068000.0 65.4856651522693
1069000.0 65.48483685835367
1071000.0 65.46303228819593
1072000.0 65.45306411706073
1073000.0 65.4641552411658
1074000.0 65.48498954363417
1075000.0 65.49461917946228
1076000.0 65.49358741474865
1077000.0 65.4822488823837
1078000.0 65.4715584647416
1079000.0 65.48185874276474
1080000.0 65.50194686607759
1082000.0 65.51943874760724
1083000.0 65.50700980680634
1084000.0 65.4850173294418
1085000.0 65.48478506653879
1086000.0 65.50496064051997
1088000.0 65.52255206508596
1089000.0 65.52051660979222
1090000.0 65.50822312058087
1091000.0 65.48630404341377
1092000.0 65.47570517843099
1093000.0 65.48597735216626
1094000.0 65.50624848883146
1096000.0 65.52351748776115
1097000.0 65.51122572118122
1098000.0 65.4893121429413
1099000.0 65.4890508328904
1101000.0 65.5285995149012
1102000.0 65.53667326633897
1103000.0 65.52411030696048
1104000.0 65.50176606876883
1105000.0 65.49067334509184
1106000.0 65.50042129678798
1107000.0 65.52029570806874
1108000.0 65.52893402862168
1109000.0 65.52699539479939
1110000.0 65.51469740139187
1112000.0 65.47181167198752
1113000.0 65.46219594321815
1114000.0 65.47338728297684
1115000.0 65.49461955238438
1117000.0 65.4934137858511
1118000.0 65.47254138125294
1120000.0 65.47436169990466
1121000.0 65.49541671126579
1122000.0 65.50538883122465
1123000.0 65.50449512551609
1124000.0 65.49345545477989
1125000.0 65.47263923047466
1126000.0 65.4423194010693
