339000.0 50.72878240504824
340000.0 50.81373494597252
344000.0 51.157408996075645
345000.0 51.243275958914886
346000.0 51.34621881686294
347000.0 51.49118830496361
349000.0 51.88656116828282
350000.0 52.15646648918904
351000.0 52.502271367505536
352000.0 52.91438528926466
353000.0 53.412373726286184
354000.0 53.984920224186475
355000.0 54.62286704436411
356000.0 55.31755681218386
357000.0 56.06229563287935
358000.0 56.87802923641254
359000.0 57.72775107251095
360000.0 58.608405991157056
361000.0 59.4867980635147
363000.0 60.86821251634015
364000.0 61.3508527708631
368000.0 62.956155502406155
369000.0 63.28738936207284
371000.0 63.673540051930786
373000.0 63.92610257710565
374000.0 64.11197463200345
375000.0 64.30100796928124
376000.0 64.4396865490961
377000.0 64.50557432221808
378000.0 64.510104986897
379000.0 64.54256173065208
382000.0 64.76976842826049
383000.0 64.82605621070984
384000.0 64.8209378062069
385000.0 64.79036758915791
386000.0 64.82034562664587
387000.0 64.9291891938499
388000.0 65.02371110602388
390000.0 65.02240504446357
392000.0 64.97941175400135
393000.0 65.04530935040768
394000.0 65.15739401298957
396000.0 65.28905771895707
397000.0 65.28925864726101
398000.0 65.23535172098474
399000.0 65.18996982115873
400000.0 65.20602295920911
401000.0 65.27553417970233
402000.0 65.33578604753954
404000.0 65.27887115978001
405000.0 65.2040122797374
406000.0 65.16731358214011
407000.0 65.21886660068162
408000.0 65.29045253801192
410000.0 65.30520836910992
412000.0 65.2162481504716
413000.0 65.21063523941602
414000.0 65.28837502003307
415000.0 65.3558100082821
416000.0 65.36043131784191
419000.0 65.30336252531364
420000.0 65.34614309547925
421000.0 65.43815322965989
422000.0 65.49112962124342
424000.0 65.42151545872639
425000.0 65.3136257791617
427000.0 65.03449708501913
428000.0 64.89514154737508
429000.0 64.74651871402853
431000.0 64.40014631337314
432000.0 64.20572543746523
433000.0 64.00931276054773
434000.0 63.81047557021684
435000.0 63.61017262930507
436000.0 63.43587567787204
437000.0 63.28406418144781
438000.0 63.123933099643224
439000.0 62.95769338165881
440000.0 62.812977187278165
442000.0 62.63134983116902
443000.0 62.58431590365136
444000.0 62.54371377385022
445000.0 62.536691874748456
446000.0 62.558013229917684
447000.0 62.57713788623463
448000.0 62.622330981369586
449000.0 62.68918351232297
452000.0 62.923035313191136
454000.0 63.138014325597396
455000.0 63.28035607873422
456000.0 63.432146021634864
458000.0 63.62822936771461
459000.0 63.682412224548
460000.0 63.730308033090644
461000.0 63.800519771513194
463000.0 63.91371563737361
464000.0 63.9342681324631
465000.0 63.95270974848199
466000.0 63.99716756136135
467000.0 64.0637241000282
468000.0 64.122271665792
469000.0 64.14590282409232
470000.0 64.14005783134243
471000.0 64.13552349961412
472000.0 64.16005150932327
473000.0 64.20885001455645
475000.0 64.23637540402285
476000.0 64.2220623874762
478000.0 64.25348816002771
479000.0 64.29345573360995
480000.0 64.32864334110619
483000.0 64.33590756011581
484000.0 64.34087744019229
485000.0 64.37267797148762
486000.0 64.37300606665475
487000.0 64.34660705884689
488000.0 64.32417206498604
489000.0 64.3331118105001
490000.0 64.36833928456339
491000.0 64.39955458571924
492000.0 64.39933581368358
493000.0 64.37252080442549
494000.0 64.37764883940308
495000.0 64.40961351113438
496000.0 64.43767282484805
497000.0 64.43483418366117
498000.0 64.40598325292152
499000.0 64.3812612401469
500000.0 64.38810646536471
501000.0 64.42166678304703
502000.0 64.45134196043723
504000.0 64.44768731441235
505000.0 64.42030617341051
506000.0 64.42464453969752
507000.0 64.4563040687229
508000.0 64.48436155163839
509000.0 64.48128461957027
510000.0 64.45209081128831
511000.0 64.42708683880363
512000.0 64.43370500267524
513000.0 64.4669277443003
514000.0 64.49634093640476
516000.0 64.49217720983866
517000.0 64.49271189723916
520000.0 64.56770410521344
521000.0 64.55946117767107
522000.0 64.52574700387076
523000.0 64.52477932649265
524000.0 64.55131937707796
525000.0 64.57492927234856
526000.0 64.56798786869719
527000.0 64.53521637885736
529000.0 64.48317603733956
530000.0 64.49044663455788
531000.0 64.52435119455164
532000.0 64.55427305066135
533000.0 64.55290927707424
534000.0 64.52519339073986
535000.0 64.52937411003474
536000.0 64.56062599881881
537000.0 64.58818030543554
538000.0 64.61266202187895
539000.0 64.60648015838454
540000.0 64.5745247666419
541000.0 64.57510034656997
542000.0 64.63104021529632
543000.0 64.67911745170828
544000.0 64.66648556328724
545000.0 64.6289703036596
546000.0 64.62462869973939
547000.0 64.64833541234046
548000.0 64.66937415203344
549000.0 64.6881536817806
550000.0 64.67707051914319
551000.0 64.64069701323464
552000.0 64.637426865821
553000.0 64.68990237081915
554000.0 64.73527442115832
556000.0 64.70603315715343
557000.0 64.66841838548822
559000.0 64.66192909282327
560000.0 64.71410600213326
561000.0 64.75920224822043
562000.0 64.77183584158053
563000.0 64.75532054617717
564000.0 64.71416554265366
565000.0 64.70667686450128
566000.0 64.7556791358228
567000.0 64.79764197164123
568000.0 64.77975025989731
569000.0 64.73760859524059
570000.0 64.72926767235889
571000.0 64.77707975808272
572000.0 64.81836296972185
573000.0 64.8278290387859
574000.0 64.80867887726045
575000.0 64.7651555657528
576000.0 64.75556179065484
577000.0 64.80263817438939
578000.0 64.84306561733523
579000.0 64.85173708827499
580000.0 64.8315952768107
581000.0 64.78755439054686
583000.0 64.77025125640839
584000.0 64.81799509574094
585000.0 64.85896101922461
586000.0 64.86820539878336
587000.0 64.84864807980117
588000.0 64.8050326525997
591000.0 64.78381262277031
592000.0 64.8047663408015
593000.0 64.79546803552785
594000.0 64.76066449722872
595000.0 64.7587553011555
596000.0 64.81244149977063
597000.0 64.85847653209127
598000.0 64.84403237315829
599000.0 64.80491454278975
600000.0 64.79922397907217
601000.0 64.8492999664456
602000.0 64.89260916756972
603000.0 64.90371595641784
604000.0 64.8858173037365
605000.0 64.8435272896439
607000.0 64.8291880891668
608000.0 64.8781639500965
609000.0 64.94820212525956
610000.0 64.98163507621778
611000.0 64.95624161415272
612000.0 64.90754671942543
613000.0 64.89334976987523
615000.0 64.9752292043361
616000.0 65.00759380488873
617000.0 64.98124589246935
619000.0 64.94197737376953
621000.0 64.96268544735511
622000.0 64.97138477454685
623000.0 64.95162801418104
624000.0 64.90772155703107
625000.0 64.89759816450551
626000.0 64.94409083804229
627000.0 64.98376822399375
628000.0 64.99191877771955
629000.0 64.97135421606127
630000.0 64.9269330681285
633000.0 64.98077285853513
634000.0 65.01830252976053
637000.0 64.95802897495862
638000.0 64.94553902201244
640000.0 64.97702706496564
641000.0 64.99025434070438
642000.0 64.97424040648194
643000.0 64.93357644330248
644000.0 64.92642196366256
645000.0 64.97551428420599
646000.0 65.01746571166174
647000.0 65.02746269275089
648000.0 65.00847656140748
649000.0 64.96535075986309
650000.0 64.9560623765806
652000.0 64.99215245686963
653000.0 65.00719012569418
655000.0 64.97932186573182
656000.0 64.97000964106348
657000.0 65.017239557972
659000.0 65.09177253182686
660000.0 65.06834127730187
662000.0 65.03435267830551
663000.0 65.07515471295098
664000.0 65.11024103992807
667000.0 65.04394754668225
668000.0 65.00209082609958
669000.0 64.99386717314158
670000.0 65.04205320106958
671000.0 65.0832444430565
673000.0 65.04722238417932
674000.0 65.00660583863039
675000.0 64.99961626350357
676000.0 65.04882000250275
677000.0 65.09096897556424
679000.0 65.05657608931887
681000.0 65.0896519357719
682000.0 65.15594397233274
683000.0 65.1861040238669
684000.0 65.1858090651678
686000.0 65.1327205979149
687000.0 65.11315514758058
688000.0 65.15142827296694
689000.0 65.18400905685989
690000.0 65.18574009251282
691000.0 65.15943156165143
692000.0 65.10988265102358
693000.0 65.09484238406922
695000.0 65.17532940609074
697000.0 65.23309801849757
698000.0 65.2028553196904
699000.0 65.14967448636725
700000.0 65.13162997207988
701000.0 65.17091800222832
702000.0 65.20457614875586
703000.0 65.20715789098271
704000.0 65.18182508711452
705000.0 65.1329544225816
706000.0 65.1185424544999
707000.0 65.16124806459581
708000.0 65.22589085750171
709000.0 65.25455615464294
710000.0 65.2248316536406
711000.0 65.17227422379325
712000.0 65.15457246634685
713000.0 65.19442312586062
714000.0 65.25642875781317
715000.0 65.2826804306314
716000.0 65.25086743685907
717000.0 65.19648515624345
718000.0 65.17734002919178
719000.0 65.2156005329694
721000.0 65.32990774323956
722000.0 65.34870881028097
723000.0 65.31046847127705
724000.0 65.25031216375707
725000.0 65.22618361460012
726000.0 65.26016322697284
727000.0 65.2893143656176
728000.0 65.28760342906719
729000.0 65.25871284206326
730000.0 65.20682239967749
731000.0 65.18958027623438
732000.0 65.22977894720798
733000.0 65.29207576565774
734000.0 65.31877829585724
735000.0 65.31530292024937
736000.0 65.28450239415166
737000.0 65.25904491972042
738000.0 65.29209386413889
739000.0 65.34805991828426
740000.0 65.36921880036425
741000.0 65.36048093846847
742000.0 65.32567478552485
743000.0 65.26839704692902
745000.0 65.22930492605938
746000.0 65.2679870089527
747000.0 65.30104628618528
748000.0 65.30291260687515
749000.0 65.27699134591319
750000.0 65.22768036742723
751000.0 65.21273754049976
753000.0 65.29308921369619
754000.0 65.3244592569328
755000.0 65.2970819154129
756000.0 65.24624925433746
757000.0 65.23033013468215
758000.0 65.27175679559366
759000.0 65.3350405935669
760000.0 65.36253695816734
761000.0 65.35972662159588
762000.0 65.329658191101
763000.0 65.30467619915893
764000.0 65.33815437915108
765000.0 65.39449252249688
766000.0 65.41587863964762
767000.0 65.40779857033122
769000.0 65.34174783543568
770000.0 65.31676400329735
771000.0 65.35016900119561
772000.0 65.40649450894756
773000.0 65.42788002627242
774000.0 65.39189035906477
775000.0 65.33365903165071
776000.0 65.31117944801143
777000.0 65.34657696274621
779000.0 65.45581650873996
780000.0 65.47260554489326
781000.0 65.43242072299233
783000.0 65.37099265783121
784000.0 65.40052739384454
786000.0 65.44639651095774
789000.0 65.42745422277765
790000.0 65.45106593582062
791000.0 65.49880493102661
793000.0 65.52393843061424
794000.0 65.4801795826105
795000.0 65.44336145312775
796000.0 65.4663755732906
799000.0 65.51378290235114
800000.0 65.47262894821263
802000.0 65.4091758418508
804000.0 65.46434775359009
805000.0 65.51355997177083
806000.0 65.52883431662853
807000.0 65.48727909480714
808000.0 65.4241138529321
809000.0 65.39714866848492
810000.0 65.42870401575857
811000.0 65.4834272257598
812000.0 65.503622850256
814000.0 65.43312043668448
816000.0 65.43828301894226
817000.0 65.49319047956024
818000.0 65.51337433984938
820000.0 65.44245350970786
821000.0 65.38771589370712
822000.0 65.36809975782714
823000.0 65.4060186033706
825000.0 65.46540333898841
826000.0 65.4356700546115
827000.0 65.382920345493
828000.0 65.36511550760773
829000.0 65.40459589818602
831000.0 65.51998785301461
832000.0 65.53935725377981
833000.0 65.52959331233127
835000.0 65.51429380570366
836000.0 65.53630946720888
837000.0 65.582727730067
838000.0 65.59534923991242
839000.0 65.57960897031194
840000.0 65.538124938788
841000.0 65.47518169103876
842000.0 65.44829423724983
844000.0 65.5089603425384
845000.0 65.53224754217078
846000.0 65.49772294982671
847000.0 65.4410729091101
849000.0 65.4560290355917
850000.0 65.51510522167506
851000.0 65.5389460052202
852000.0 65.53275866338417
855000.0 65.51959768368262
856000.0 65.5446219778924
857000.0 65.59351328948824
858000.0 65.6085591335648
860000.0 65.52925461219962
862000.0 65.47413665777692
863000.0 65.506277447743
864000.0 65.53342530029448
865000.0 65.53028201420848
866000.0 65.49960266512494
867000.0 65.44609366370483
868000.0 65.42763131338741
869000.0 65.46654823507691
870000.0 65.5277223323413
871000.0 65.55324604493813
872000.0 65.52070598589765
873000.0 65.46557552101049
874000.0 65.44569135219996
875000.0 65.48333288248485
876000.0 65.54339716763526
877000.0 65.56794361799594
878000.0 65.56267070640999
879000.0 65.53018873382719
880000.0 65.47502978007391
881000.0 65.48313132495555
882000.0 65.54419295843587
885000.0 65.60807630613571
886000.0 65.57094080519511
887000.0 65.5118808630608
888000.0 65.48841151532244
889000.0 65.52314475653833
890000.0 65.58047589622561
891000.0 65.6026628409206
893000.0 65.53521859789686
894000.0 65.50976292899136
895000.0 65.54276057791564
896000.0 65.59853244630813
897000.0 65.61946204327478
898000.0 65.61089856218085
899000.0 65.57561933454798
900000.0 65.51789669375775
901000.0 65.49578467263946
902000.0 65.53163755928688
903000.0 65.56199133543377
905000.0 65.56141743567342
906000.0 65.53347812357612
907000.0 65.48219093320782
909000.0 65.50601881498089
910000.0 65.56849634637291
911000.0 65.59538744044637
912000.0 65.56399408539549
913000.0 65.51001217436897
914000.0 65.4907886355505
915000.0 65.52924738897482
916000.0 65.58982867646986
917000.0 65.6149298474145
918000.0 65.60993339527066
919000.0 65.57790276985666
920000.0 65.52304961537463
921000.0 65.53142860409268
922000.0 65.59273649448734
924000.0 65.63917764407373
925000.0 65.60426363425083
926000.0 65.54702112386944
927000.0 65.52516223167136
928000.0 65.56119313731163
929000.0 65.5917373635302
931000.0 65.59150338711646
933000.0 65.53826177136688
934000.0 65.51829764260697
935000.0 65.55599000557558
936000.0 65.61615242847313
937000.0 65.64087615099898
938000.0 65.6352091924715
939000.0 65.60292643767956
941000.0 65.6073170829255
942000.0 65.66190566157385
943000.0 65.68163996597067
944000.0 65.67200579697081
945000.0 65.63581144283707
946000.0 65.57722827780619
947000.0 65.55400521843292
949000.0 65.56755325610526
950000.0 65.57318185626143
951000.0 65.55016913199407
953000.0 65.51643883739553
954000.0 65.55718480090755
957000.0 65.64559896023196
958000.0 65.642087985934
959000.0 65.61149055480165
960000.0 65.55787852272437
961000.0 65.53941195289173
962000.0 65.5783593410751
963000.0 65.61137503732155
965000.0 65.56169333437839
966000.0 65.51533106369898
967000.0 65.5027490319843
969000.0 65.53333082368222
970000.0 65.54554703273833
971000.0 65.5287145838738
972000.0 65.48719840817101
973000.0 65.47912594904899
974000.0 65.52712768993078
975000.0 65.59618641841651
976000.0 65.62860976945466
977000.0 65.62987380911875
978000.0 65.60318540039577
979000.0 65.58112820180884
984000.0 65.61256704139532
985000.0 65.58892782554749
986000.0 65.54149166228936
987000.0 65.52826770814653
988000.0 65.57155321459831
989000.0 65.60862382852733
990000.0 65.6141343684974
991000.0 65.59113347151222
992000.0 65.54409052594117
993000.0 65.53125821269082
994000.0 65.57517973873817
995000.0 65.61249521995587
996000.0 65.61816427569599
997000.0 65.59524074473106
998000.0 65.54847502673543
999000.0 65.53581354395143
1000000.0 65.5797707183369
1001000.0 65.64530655774927
1002000.0 65.67463498162662
1003000.0 65.67319889642515
1004000.0 65.64413565045871
1005000.0 65.62000487071954
1006000.0 65.65395635745182
1007000.0 65.71062249607249
1010000.0 65.76476965103001
1011000.0 65.72514550940144
1013000.0 65.7175336643856
1015000.0 65.75686596744615
1016000.0 65.74670442527882
1017000.0 65.70993954871895
1018000.0 65.65097892103728
1019000.0 65.62770645901607
1020000.0 65.6622693190589
1022000.0 65.71616523117183
1023000.0 65.68390012908725
1024000.0 65.62888031078307
1026000.0 65.64669191085738
1027000.0 65.70670596306918
1028000.0 65.73115106531117
1029000.0 65.72574009954252
1030000.0 65.69306867630627
1031000.0 65.63776054965875
1033000.0 65.60128299399432
1034000.0 65.64089446320722
1035000.0 65.67466125693767
1036000.0 65.67716733415082
1037000.0 65.65138857961854
1038000.0 65.60198299719623
1039000.0 65.58707291650393
1040000.0 65.62892337836513
1041000.0 65.6927329904071
1042000.0 65.72069345451769
1044000.0 65.66223877743454
1045000.0 65.64042047829311
1046000.0 65.67638928711914
1048000.0 65.73217828846352
1049000.0 65.72850586801417
1050000.0 65.69816920167393
1052000.0 65.70473048588508
1053000.0 65.76007893794869
1054000.0 65.78066408625962
1055000.0 65.77164934587942
1056000.0 65.73594065899854
1057000.0 65.67791006083213
1058000.0 65.65537942988176
1059000.0 65.69032265243293
1060000.0 65.74837687795119
1062000.0 65.78989766686078
1065000.0 65.76559590103733
1067000.0 65.80831567873494
1068000.0 65.82416148153376
1069000.0 65.81115514755956
1071000.0 65.73649004748329
1072000.0 65.70798224071135
1073000.0 65.7381865535144
1074000.0 65.79157655954575
1075000.0 65.81028280462756
1076000.0 65.79969017750403
1077000.0 65.76244440764421
1078000.0 65.73120450079031
1079000.0 65.75898875400145
1080000.0 65.81025354519562
1082000.0 65.84058497548064
1083000.0 65.7988494340599
1084000.0 65.73558220663502
1085000.0 65.73665092620918
1086000.0 65.79129602335766
1088000.0 65.82742305891024
1089000.0 65.8159046357817
1090000.0 65.7779593790674
1091000.0 65.71792764937034
1092000.0 65.69375453562355
1093000.0 65.72737760235258
1094000.0 65.78398069494372
1096000.0 65.82309351453682
1097000.0 65.78493674475612
1098000.0 65.72465358654202
1099000.0 65.72830845734697
1101000.0 65.83511085831041
1102000.0 65.85082111746587
1103000.0 65.8097470499245
1104000.0 65.74705861106175
1105000.0 65.72025391246862
1106000.0 65.75198018024807
1107000.0 65.80648949289805
1108000.0 65.82656657262997
1109000.0 65.81700182233762
1110000.0 65.78078161359349
1112000.0 65.6711668427371
1113000.0 65.65474057567278
1114000.0 65.6954904139695
1115000.0 65.75814048621486
1117000.0 65.75330989218348
1118000.0 65.69894652809839
1120000.0 65.71727556504683
1121000.0 65.77750862467106
1122000.0 65.80233357429734
1123000.0 65.7969898956048
1124000.0 65.7645293890786
1125000.0 65.70903119035037
1126000.0 65.632848958611
