339000.0 50.829008504517105
340000.0 50.845578931393064
344000.0 51.009671754254924
345000.0 51.06660965803797
346000.0 51.149698412777546
347000.0 51.28799024562381
349000.0 51.697834041319936
350000.0 51.9910870032099
351000.0 52.37546569667453
352000.0 52.83713397955175
353000.0 53.39882131162488
354000.0 54.04420012708188
355000.0 54.761414694550275
356000.0 55.53844852667222
357000.0 56.367912685283564
358000.0 57.274722457992354
359000.0 58.212421373444464
360000.0 59.178084625116625
361000.0 60.13057117698423
363000.0 61.552475414072994
364000.0 62.00700833330952
368000.0 63.486918243104576
369000.0 63.78431172225876
371000.0 64.05787206123436
373000.0 64.20353463585772
374000.0 64.36206516747852
375000.0 64.52837051856558
376000.0 64.63658004972555
377000.0 64.65923069346209
378000.0 64.61264860544084
379000.0 64.60825589248252
382000.0 64.77972336136669
383000.0 64.81743014092447
384000.0 64.78215690798771
385000.0 64.7194491169192
386000.0 64.73615370278674
387000.0 64.85158782439635
388000.0 64.94800271625975
390000.0 64.9067816474093
392000.0 64.82618099562819
393000.0 64.89678030727124
394000.0 65.02316844039014
396000.0 65.15628512404689
397000.0 65.14196792168782
398000.0 65.06240866567244
399000.0 64.99669777880864
400000.0 65.00933567386917
401000.0 65.08792436352245
402000.0 65.15344264628838
404000.0 65.06386865133622
405000.0 64.96556235077354
406000.0 64.91728978870414
407000.0 64.97930354018632
408000.0 65.06333483013374
410000.0 65.06899805712226
412000.0 64.9495129949255
413000.0 64.94082709089628
414000.0 65.03489075094643
415000.0 65.11301050769568
416000.0 65.11170663115347
419000.0 65.02607809881592
420000.0 65.07576260997139
421000.0 65.18428892227462
422000.0 65.24206224614414
424000.0 65.14035095519729
425000.0 65.00237949652805
427000.0 64.66018025431259
428000.0 64.4952884667484
429000.0 64.32115752101828
431000.0 63.92208849111308
432000.0 63.70046185820099
433000.0 63.47986473656828
434000.0 63.25839059149615
435000.0 63.03785240339054
436000.0 62.85113769520199
437000.0 62.693017315140985
438000.0 62.52458840324366
439000.0 62.34900165757065
440000.0 62.200596235245634
442000.0 62.034527530621524
443000.0 62.002561587240216
444000.0 61.975810368200825
445000.0 61.98793724227587
446000.0 62.031597209758615
447000.0 62.06881305507664
448000.0 62.135064636704236
449000.0 62.22494497691221
452000.0 62.51568720202645
454000.0 62.76821708513036
455000.0 62.93339183679787
456000.0 63.107068182217866
458000.0 63.31359249923361
459000.0 63.36223995980898
460000.0 63.40384256717039
461000.0 63.47414680303314
463000.0 63.58006186373242
464000.0 63.58953342272595
465000.0 63.597981915529175
466000.0 63.64024304007295
467000.0 63.70945806629136
468000.0 63.768123776984616
469000.0 63.783678643089374
470000.0 63.76386941026435
471000.0 63.74750313932701
472000.0 63.76868617052048
473000.0 63.819917166085915
475000.0 63.834936319046534
476000.0 63.80934547610104
478000.0 63.8355964368918
479000.0 63.87839407871074
480000.0 63.91477234722421
483000.0 63.90180660312017
484000.0 63.90301062490107
485000.0 63.93723630562215
486000.0 63.931726072463526
487000.0 63.8942629450078
488000.0 63.863076735079844
489000.0 63.871503492921214
490000.0 63.91195902949029
491000.0 63.94640491668919
492000.0 63.94130859457047
493000.0 63.90427091362942
494000.0 63.90782159854385
495000.0 63.944148605009346
496000.0 63.97518700745425
497000.0 63.96700341471785
498000.0 63.92731050836175
499000.0 63.89406959766253
500000.0 63.90073758766141
501000.0 63.939766613424
502000.0 63.97318975724933
504000.0 63.96044777211789
505000.0 63.92371226656347
506000.0 63.92756489031528
507000.0 63.96417066670084
508000.0 63.99552832834782
509000.0 63.98759145620379
510000.0 63.948140955747625
511000.0 63.91491051316788
512000.0 63.921848203643634
513000.0 63.96106280744553
514000.0 63.99433852321107
516000.0 63.981740072058166
517000.0 63.979658225735065
520000.0 64.06156170899332
521000.0 64.04693569495399
522000.0 64.00163476127413
523000.0 63.9983304235006
524000.0 64.02882864520811
525000.0 64.05465958214859
526000.0 64.04262922455038
527000.0 63.99930429379328
529000.0 63.932330114356624
530000.0 63.94135754447891
531000.0 63.98247335979795
532000.0 64.0170814256571
533000.0 64.01227841807005
534000.0 63.97548959294654
535000.0 63.979376171944786
536000.0 64.01595160307204
537000.0 64.04722549311484
538000.0 64.073848725336
539000.0 64.06208801468857
540000.0 64.0193593124991
541000.0 64.01820211327401
542000.0 64.085033446249
543000.0 64.14054031874673
544000.0 64.1201536742402
545000.0 64.07010644477296
546000.0 64.06236527002635
547000.0 64.08932668734076
548000.0 64.11234038696003
549000.0 64.13186447124087
550000.0 64.11395837651799
551000.0 64.06619451956975
552000.0 64.06080464726548
553000.0 64.12402266067078
554000.0 64.17657058055104
556000.0 64.13197105375971
557000.0 64.08308803786858
559000.0 64.07333440600759
560000.0 64.13670980818507
561000.0 64.18895074084169
562000.0 64.20038309490188
563000.0 64.1755991536796
564000.0 64.12183532548124
565000.0 64.11130306924424
566000.0 64.17033029949269
567000.0 64.21887339581886
568000.0 64.19246029327113
569000.0 64.13731745934832
570000.0 64.1256844760365
571000.0 64.18346221498142
572000.0 64.23152013049719
573000.0 64.239171757206
574000.0 64.211389802612
575000.0 64.15498676851934
576000.0 64.1422172267349
577000.0 64.19946530051917
578000.0 64.24650239000782
579000.0 64.25346257094589
580000.0 64.22482762084547
581000.0 64.16785736764652
583000.0 64.1454973847799
584000.0 64.20397176796635
585000.0 64.25204293297381
586000.0 64.25991914360438
587000.0 64.23210186214254
588000.0 64.17578759493036
591000.0 64.1486235050262
592000.0 64.17371044791243
593000.0 64.16065478241099
594000.0 64.11663932609477
595000.0 64.11433596459152
596000.0 64.18026936257351
597000.0 64.23481147281271
598000.0 64.21348387384025
599000.0 64.16275915696725
600000.0 64.15473113513151
601000.0 64.21598925655539
602000.0 64.26651523857998
603000.0 64.27632165831346
604000.0 64.25010412342498
605000.0 64.19523150924022
607000.0 64.17611523374555
608000.0 64.2356789923859
609000.0 64.31951283337537
610000.0 64.35595866861544
611000.0 64.31948349858114
612000.0 64.25559870387471
613000.0 64.23637765928949
615000.0 64.33432318322713
616000.0 64.37001899829416
617000.0 64.33289488494017
619000.0 64.28011281571025
621000.0 64.30230285394542
622000.0 64.3112646721084
623000.0 64.28425844079334
624000.0 64.22858447443481
625000.0 64.21654604848302
626000.0 64.27408756392872
627000.0 64.32174357532871
628000.0 64.32900790899082
629000.0 64.30069008214483
630000.0 64.24411333687875
633000.0 64.31022944239069
634000.0 64.35401814659855
637000.0 64.27101407580028
638000.0 64.25532301988297
640000.0 64.29271943292429
641000.0 64.30747384532364
642000.0 64.2858051654784
643000.0 64.23428250493528
644000.0 64.22558668603432
645000.0 64.28609136746954
646000.0 64.33618994624145
647000.0 64.34570291220632
648000.0 64.31928989665856
649000.0 64.26410805348674
650000.0 64.25231512558598
652000.0 64.29553742257632
653000.0 64.31238994219017
655000.0 64.27386306202715
656000.0 64.26207193462534
657000.0 64.3199848272184
659000.0 64.40628624128217
660000.0 64.3737648903734
662000.0 64.32774727607335
663000.0 64.35928571489302
664000.0 64.39653682594873
667000.0 64.31471892247154
668000.0 64.26450193488743
669000.0 64.25671446834397
670000.0 64.3182935111081
671000.0 64.36904036104106
673000.0 64.32219389756467
674000.0 64.27211129839597
675000.0 64.26465529682645
676000.0 64.32609935009992
677000.0 64.37689842436099
679000.0 64.33031728473041
681000.0 64.37036155259399
682000.0 64.45028680711894
683000.0 64.48350594245817
684000.0 64.47881472339003
686000.0 64.40620985439436
687000.0 64.38105999525061
688000.0 64.42750323287598
689000.0 64.46551817119408
690000.0 64.46486187624627
691000.0 64.42993996798532
692000.0 64.367344442295
693000.0 64.34908856438346
695000.0 64.44838635466674
697000.0 64.51388608184793
698000.0 64.47301668583053
699000.0 64.40520162187386
700000.0 64.38291353687576
701000.0 64.43173040079469
702000.0 64.47189495916693
703000.0 64.47298046086216
704000.0 64.4394241296264
705000.0 64.37816913192034
706000.0 64.3612841948626
707000.0 64.41498372390558
708000.0 64.4936461468119
709000.0 64.52575389350993
710000.0 64.48537801246025
711000.0 64.41836722111488
712000.0 64.39647085490554
713000.0 64.44594782992235
714000.0 64.5211865440205
715000.0 64.5503754014167
716000.0 64.50763933605431
717000.0 64.43826598195795
718000.0 64.4146457836434
719000.0 64.46273779629456
721000.0 64.59931898471127
722000.0 64.61806634437659
723000.0 64.56630451225506
724000.0 64.48975900026457
725000.0 64.45975252805812
726000.0 64.50232133723871
727000.0 64.53688135880334
728000.0 64.53325277508014
729000.0 64.49562091741005
730000.0 64.43101636713968
731000.0 64.41123698320234
732000.0 64.46248304877601
733000.0 64.53905415749189
734000.0 64.56944093151903
735000.0 64.56228271696229
736000.0 64.52170660365886
737000.0 64.48929763097159
738000.0 64.52970325241097
739000.0 64.59719080954011
740000.0 64.6199509482849
741000.0 64.60634523433743
742000.0 64.56023174371973
743000.0 64.48840125759138
745000.0 64.44260289364283
746000.0 64.49187927425339
747000.0 64.53209819431252
748000.0 64.53323986178869
749000.0 64.499676964779
750000.0 64.43840101538792
751000.0 64.42150393386613
753000.0 64.52270502208117
754000.0 64.55952974060754
755000.0 64.52304940168618
756000.0 64.4593435573974
757000.0 64.44041070852515
758000.0 64.49238915312226
759000.0 64.5696847415295
760000.0 64.60070682441865
761000.0 64.5940419257782
762000.0 64.55366954295165
763000.0 64.5215565338444
764000.0 64.56205021189103
765000.0 64.62992981043134
766000.0 64.65281097204925
767000.0 64.63917769371174
769000.0 64.55262657728453
770000.0 64.5219396971294
771000.0 64.56384848581797
772000.0 64.63260334687078
773000.0 64.65652934208288
774000.0 64.60918918963458
775000.0 64.53614370555586
776000.0 64.50914724294181
777000.0 64.55426705907256
779000.0 64.68632347059336
780000.0 64.70330457975142
781000.0 64.65015670928099
783000.0 64.57249391202753
784000.0 64.60919867992759
786000.0 64.6625523762714
789000.0 64.63450145761809
790000.0 64.66287669585118
791000.0 64.72030491241813
793000.0 64.74465959767328
794000.0 64.68767554139242
795000.0 64.6412299121129
796000.0 64.66959072577285
799000.0 64.72349233659313
800000.0 64.67065623347207
802000.0 64.59357453052944
804000.0 64.66401689927808
805000.0 64.72415170723943
806000.0 64.74019972251995
807000.0 64.68631004845989
808000.0 64.60784274059839
809000.0 64.57588551244756
810000.0 64.61682229486505
811000.0 64.68501180738305
812000.0 64.70821209342238
814000.0 64.61795515929451
816000.0 64.62647050501432
817000.0 64.69420685242049
818000.0 64.71699432767424
820000.0 64.62631949759687
821000.0 64.55918035430514
822000.0 64.53721168330304
823000.0 64.58649360298767
825000.0 64.65945533357151
826000.0 64.62128691470151
827000.0 64.55587507315332
828000.0 64.53550244256807
829000.0 64.58622180761887
831000.0 64.72706558484192
832000.0 64.74738006170021
833000.0 64.73162077290287
835000.0 64.70773825421759
836000.0 64.73330436911502
837000.0 64.78825312434587
838000.0 64.80036193674646
839000.0 64.77766080454093
840000.0 64.72386287787836
841000.0 64.64542205695584
842000.0 64.61386942676074
844000.0 64.69199974005271
845000.0 64.71987082995864
846000.0 64.67582467989268
847000.0 64.60571868472903
849000.0 64.62833181455618
850000.0 64.70153003232261
851000.0 64.72932751464012
852000.0 64.7196363376996
855000.0 64.69965793584046
856000.0 64.72989472327794
857000.0 64.78869620114104
858000.0 64.80443794916877
860000.0 64.70186026706418
862000.0 64.63569527092626
863000.0 64.6768554158709
864000.0 64.71028136790274
865000.0 64.70573697839937
866000.0 64.66735590028438
867000.0 64.60185876321977
868000.0 64.58132208678653
869000.0 64.63167697739073
870000.0 64.70776404890033
871000.0 64.73765266085786
872000.0 64.69551779499375
873000.0 64.6266491936828
874000.0 64.6032555159866
875000.0 64.65143952451973
876000.0 64.72551386364056
877000.0 64.75373822850935
878000.0 64.74471400697935
879000.0 64.7023853774889
880000.0 64.63369837503089
881000.0 64.6453562626019
882000.0 64.72135252967335
885000.0 64.79330299796722
886000.0 64.74486167160745
887000.0 64.67100644549758
888000.0 64.64328133763955
889000.0 64.68773082039128
890000.0 64.75843248639787
891000.0 64.78390013477741
893000.0 64.69711460821576
894000.0 64.66633210959102
895000.0 64.70797284761025
896000.0 64.77645214654228
897000.0 64.80023616724512
898000.0 64.78724755306585
899000.0 64.741829037403
900000.0 64.67035385410985
901000.0 64.64474539295453
902000.0 64.69107458957582
903000.0 64.7288060352642
905000.0 64.72678135764478
906000.0 64.69171410824481
907000.0 64.6290208438682
909000.0 64.66338906174092
910000.0 64.74102770877052
911000.0 64.77223357524323
912000.0 64.73121435911989
913000.0 64.66337171546317
914000.0 64.6408219053999
915000.0 64.68969574773195
916000.0 64.76410544413933
917000.0 64.7929104067199
918000.0 64.78417707094903
919000.0 64.74222922058817
920000.0 64.67410243021608
921000.0 64.68566701627796
922000.0 64.7619098589274
924000.0 64.81558438203238
925000.0 64.76992765774175
926000.0 64.69828127776684
927000.0 64.67249626989832
928000.0 64.71844299255
929000.0 64.75584940385423
931000.0 64.75392210705375
933000.0 64.68703022059468
934000.0 64.66403492421328
935000.0 64.71237595358893
936000.0 64.78657162672441
937000.0 64.81490222178444
938000.0 64.8059782525813
939000.0 64.76370811417661
941000.0 64.76896270289095
942000.0 64.83546329826751
943000.0 64.8572855214865
944000.0 64.84267713086314
945000.0 64.79585706960403
946000.0 64.72318458035922
947000.0 64.69657350845885
949000.0 64.71632328113465
950000.0 64.72418089205894
951000.0 64.69625486503358
953000.0 64.65817830162345
954000.0 64.71014463183248
957000.0 64.81502422607211
958000.0 64.80893084762006
959000.0 64.76924253858897
960000.0 64.70282016145667
961000.0 64.68129997590128
962000.0 64.73093393066945
963000.0 64.77163988217181
965000.0 64.70851619915398
966000.0 64.65196671903335
967000.0 64.63910488948257
969000.0 64.68035441518049
970000.0 64.69659290813327
971000.0 64.67589957808012
972000.0 64.62538483366626
973000.0 64.6173574475886
974000.0 64.67836824442459
975000.0 64.7635171134663
976000.0 64.80134986637742
977000.0 64.80007383632704
978000.0 64.76458552551912
979000.0 64.73614215851599
984000.0 64.77090941713385
985000.0 64.74078773991279
986000.0 64.68217591333494
987000.0 64.66752537757466
988000.0 64.72291988127822
989000.0 64.76830407888642
990000.0 64.77383283574646
991000.0 64.74393614730747
992000.0 64.68575841170377
993000.0 64.67144242406982
994000.0 64.72695021848719
995000.0 64.77277463538474
996000.0 64.77841513953996
997000.0 64.74886377993622
998000.0 64.69079015996827
999000.0 64.67645858684791
1000000.0 64.73214465530837
1001000.0 64.81265825623984
1002000.0 64.84620442877141
1003000.0 64.84168850215198
1004000.0 64.80317499876615
1005000.0 64.77257304061023
1006000.0 64.81451168071351
1007000.0 64.88324131989714
1010000.0 64.93910721363551
1011000.0 64.88701163142467
1013000.0 64.87644534227775
1015000.0 64.92195210703387
1016000.0 64.9077004054999
1017000.0 64.86117961335702
1018000.0 64.78871264062931
1019000.0 64.76221391532798
1020000.0 64.80764703946012
1022000.0 64.87408408540124
1023000.0 64.8335621866322
1024000.0 64.76613808693095
1026000.0 64.79267909850414
1027000.0 64.8674583200769
1028000.0 64.89646235395186
1029000.0 64.88772837176388
1030000.0 64.84578927200278
1031000.0 64.77727455196148
1033000.0 64.73651672627292
1034000.0 64.78758897694968
1035000.0 64.82939575194499
1036000.0 64.83179814164387
1037000.0 64.79936601057136
1038000.0 64.7388752450447
1039000.0 64.72258380491526
1040000.0 64.7767068841758
1041000.0 64.8556472697463
1042000.0 64.88792614994901
1044000.0 64.8116749627032
1045000.0 64.78501600617292
1046000.0 64.83019069799516
1048000.0 64.89659824881245
1049000.0 64.89031791290596
1050000.0 64.85069996911665
1052000.0 64.85978996362279
1053000.0 64.92749446673338
1054000.0 64.95035498225705
1055000.0 64.93681381245594
1056000.0 64.89067255816015
1057000.0 64.81877020513824
1058000.0 64.79272394045819
1059000.0 64.83857568934486
1060000.0 64.91053219213326
1062000.0 64.95770563421458
1065000.0 64.92352193836709
1067000.0 64.9744510996466
1068000.0 64.99211464557268
1069000.0 64.97392055892131
1071000.0 64.87999475313165
1072000.0 64.84632390585276
1073000.0 64.88574056584216
1074000.0 64.9522521888885
1075000.0 64.97406435231946
1076000.0 64.95956382881523
1077000.0 64.91281712109239
1078000.0 64.87491550393086
1079000.0 64.91055432060368
1080000.0 64.97414070983115
1082000.0 65.00789419226336
1083000.0 64.9543869053739
1084000.0 64.87615711316919
1085000.0 64.87926139988866
1086000.0 64.94831330321976
1088000.0 64.99078692282728
1089000.0 64.9753426377492
1090000.0 64.92763293187389
1091000.0 64.85421734253225
1092000.0 64.82688824234756
1093000.0 64.87145107998913
1094000.0 64.9425938305543
1096000.0 64.98823913450003
1097000.0 64.9396493398354
1098000.0 64.86533396250393
1099000.0 64.87201040268535
1101000.0 65.00482052017198
1102000.0 65.02190659473904
1103000.0 64.96924628839827
1104000.0 64.89099172805228
1105000.0 64.85966202978327
1106000.0 64.90084301170698
1107000.0 64.96909544276045
1108000.0 64.99237513834589
1109000.0 64.97902234158369
1110000.0 64.9332358606386
1112000.0 64.80084857853792
1113000.0 64.78423566913946
1114000.0 64.83811428216453
1115000.0 64.91668665011197
1117000.0 64.90826069628837
1118000.0 64.84124642236405
1120000.0 64.86840424118957
1121000.0 64.9431108942188
1122000.0 64.9718895784208
1123000.0 64.96330017094083
1124000.0 64.9214057417275
1125000.0 64.85290583192666
1126000.0 64.76018763430294
