339000.0 50.69952413897691
340000.0 50.802829432264645
344000.0 51.0731371768585
345000.0 51.13571839861018
346000.0 51.19927845546413
347000.0 51.281361912160534
349000.0 51.53028533559853
350000.0 51.70375705873173
351000.0 51.92929784559288
352000.0 52.213974356631084
353000.0 52.562817271596536
354000.0 52.98623379339617
355000.0 53.4750810963905
356000.0 54.03110004467607
357000.0 54.64217850971826
358000.0 55.315138539260076
359000.0 56.046845864111056
360000.0 56.82046859017937
361000.0 57.630576422469765
363000.0 59.15697989926078
364000.0 59.788543382939636
368000.0 61.730432939976815
369000.0 62.15481768171163
371000.0 62.82758273310328
373000.0 63.28003808003201
374000.0 63.4909996291836
375000.0 63.72137622223557
376000.0 63.93479448788836
377000.0 64.11477864385594
378000.0 64.23613491018874
379000.0 64.32745809606936
382000.0 64.63186153421321
383000.0 64.73714073739433
384000.0 64.81308689462931
385000.0 64.8524363652314
386000.0 64.88376588385186
387000.0 64.95187406819672
388000.0 65.04905690907373
390000.0 65.17650267143868
392000.0 65.1916156815009
393000.0 65.21644235953352
394000.0 65.28481620575313
396000.0 65.44386696887598
397000.0 65.49361614467814
398000.0 65.50613118094729
399000.0 65.4884120010823
400000.0 65.48058312518049
401000.0 65.50398313196793
402000.0 65.55339126006277
404000.0 65.59183136369111
405000.0 65.55995472280232
406000.0 65.51943030248871
407000.0 65.50735949805635
408000.0 65.54025857095424
410000.0 65.59133615565169
412000.0 65.56313928652567
413000.0 65.53278753430418
414000.0 65.54180532471459
415000.0 65.58411930377896
416000.0 65.61638497058864
419000.0 65.59999074270992
420000.0 65.59718659188633
421000.0 65.6342270144693
422000.0 65.68521272007263
424000.0 65.70800270791995
425000.0 65.66082828649165
427000.0 65.46976030936963
428000.0 65.34886942090364
429000.0 65.22266845383864
431000.0 64.92687365663
432000.0 64.76057475338828
433000.0 64.57977915316546
434000.0 64.39499934654017
435000.0 64.2015249053405
436000.0 64.01259876856567
437000.0 63.836340276304455
438000.0 63.66930542196906
439000.0 63.49761606458959
440000.0 63.3306048900446
442000.0 63.0508732741796
443000.0 62.95164830784945
444000.0 62.87019084948388
445000.0 62.80567236034981
446000.0 62.76901989663491
447000.0 62.7483184400569
448000.0 62.74038313110544
449000.0 62.75538436154022
452000.0 62.87211289575274
454000.0 63.0070617111341
455000.0 63.0982240544822
456000.0 63.210013156961026
458000.0 63.41932707453238
459000.0 63.4921673951068
460000.0 63.55049551789374
461000.0 63.60568727143359
463000.0 63.729267313846144
464000.0 63.76990016186479
465000.0 63.80007698588497
466000.0 63.83023721209932
467000.0 63.87649699940113
468000.0 63.92960551157941
469000.0 63.97650653070788
470000.0 64.00053256756514
471000.0 64.01119148018111
472000.0 64.02197233701797
473000.0 64.04991809385257
475000.0 64.10522040697461
476000.0 64.11075561519228
478000.0 64.12098749648666
479000.0 64.14487561219951
480000.0 64.17424545909871
483000.0 64.22391758715585
484000.0 64.2211736655206
485000.0 64.23276566776482
486000.0 64.2468792996292
487000.0 64.24318008677375
488000.0 64.22962932224468
489000.0 64.21887052834364
490000.0 64.22771975769534
491000.0 64.24680706267952
492000.0 64.26289861017932
493000.0 64.25915953796486
494000.0 64.25036668430053
495000.0 64.25814225726066
496000.0 64.27510324163914
497000.0 64.28881750370243
498000.0 64.28265632223615
499000.0 64.26598528465597
500000.0 64.2520570549998
501000.0 64.25776115162465
502000.0 64.27402945164873
504000.0 64.29428746378125
505000.0 64.28245456549959
506000.0 64.26944494877809
507000.0 64.2747159767251
508000.0 64.28982543524624
509000.0 64.30200762438089
510000.0 64.29458816964309
511000.0 64.27684093828584
512000.0 64.26191970569508
513000.0 64.26683323816684
514000.0 64.28234158240151
516000.0 64.30115349617884
517000.0 64.29438985283429
520000.0 64.33059498219998
521000.0 64.34095751950241
522000.0 64.330667139677
523000.0 64.3154067844407
524000.0 64.31710477121293
525000.0 64.32849523727087
526000.0 64.33713177816057
527000.0 64.32643630360582
529000.0 64.28232175182941
530000.0 64.26507092431233
531000.0 64.26894201274725
532000.0 64.2839177345893
533000.0 64.29641674007023
534000.0 64.28952641749333
535000.0 64.2779271406071
536000.0 64.28318586210871
537000.0 64.29792845388282
538000.0 64.31530858696732
539000.0 64.32697836288683
540000.0 64.3179941872766
541000.0 64.3039701061692
542000.0 64.31244918702784
543000.0 64.34455902109794
544000.0 64.36352046101763
545000.0 64.35515615245602
546000.0 64.33918728482345
547000.0 64.33925601999307
548000.0 64.34877827259702
549000.0 64.3612632439006
550000.0 64.36849758502638
551000.0 64.35548601501486
552000.0 64.33780755408142
553000.0 64.34300941818607
554000.0 64.37216411529977
556000.0 64.39021568481542
557000.0 64.3711570286514
559000.0 64.33539901812935
560000.0 64.34457521710681
561000.0 64.37508203069584
562000.0 64.39736309069522
563000.0 64.4061486724213
564000.0 64.39145122914931
565000.0 64.37102771868926
566000.0 64.37327069510772
567000.0 64.399540238328
568000.0 64.41316930218775
569000.0 64.39995914704846
570000.0 64.37967433559065
571000.0 64.38149529305406
572000.0 64.40719303400897
573000.0 64.42582225505448
574000.0 64.43162623721607
575000.0 64.41440569918389
576000.0 64.39176478102296
577000.0 64.39199802852157
578000.0 64.41653796573632
579000.0 64.4342298892704
580000.0 64.43919597780845
581000.0 64.42123806316941
583000.0 64.37926640426062
584000.0 64.38447358365917
585000.0 64.41123324192534
586000.0 64.42998291863483
587000.0 64.43560696028159
588000.0 64.41806676329651
591000.0 64.36241804016919
592000.0 64.36637814827031
593000.0 64.37020847459844
594000.0 64.35587630529388
595000.0 64.33774996388541
596000.0 64.34281786982407
597000.0 64.37197004730643
598000.0 64.38830669221014
599000.0 64.37759598396507
600000.0 64.3595538030706
601000.0 64.36333547146053
602000.0 64.39067157075763
603000.0 64.41092128505775
604000.0 64.41818205042627
605000.0 64.40232440866758
607000.0 64.36399020368924
608000.0 64.3706562910275
609000.0 64.4044574277178
610000.0 64.44419911475127
611000.0 64.46026545037779
612000.0 64.44519585107636
613000.0 64.4215681602851
615000.0 64.43482848773391
616000.0 64.46514492498683
617000.0 64.47647901592768
619000.0 64.4459528602231
621000.0 64.44385332808537
622000.0 64.44808573964595
623000.0 64.44725013668577
624000.0 64.42663052622525
625000.0 64.40206294705806
626000.0 64.40101116332568
627000.0 64.42443522276149
628000.0 64.4412716872133
629000.0 64.44548189853617
630000.0 64.42691600697184
633000.0 64.4029682323679
634000.0 64.43267001661039
637000.0 64.4333741168355
638000.0 64.41143786283052
640000.0 64.40866679832145
641000.0 64.41549034706883
642000.0 64.41749105064648
643000.0 64.3997444223911
644000.0 64.37780205289489
645000.0 64.37914707548985
646000.0 64.40485453824752
647000.0 64.42362463487302
648000.0 64.42958902067653
649000.0 64.41256077492265
650000.0 64.39012928070143
652000.0 64.38985020012437
653000.0 64.39833194620437
655000.0 64.39837081279713
656000.0 64.38240847123865
657000.0 64.38570736409275
659000.0 64.44282939230992
660000.0 64.45298939596836
662000.0 64.4251831125999
663000.0 64.42854076556804
664000.0 64.45202126396528
667000.0 64.44555738336494
668000.0 64.41662856424149
669000.0 64.38952343476359
670000.0 64.38827049788569
671000.0 64.41246328803423
673000.0 64.4229538719034
674000.0 64.4007212770855
675000.0 64.37710685108446
676000.0 64.37786103988114
677000.0 64.40330837755968
679000.0 64.41558504539493
681000.0 64.40203344288247
682000.0 64.43235109943673
683000.0 64.4691910885004
684000.0 64.48845468822775
686000.0 64.48159978698085
687000.0 64.45879438082251
688000.0 64.4550632483764
689000.0 64.47422660753485
690000.0 64.48658281236949
691000.0 64.48653401803541
692000.0 64.46393148237996
693000.0 64.4364970868669
695000.0 64.44591166451495
697000.0 64.50370251440359
698000.0 64.50952095088776
699000.0 64.48783922401849
700000.0 64.45933875744707
701000.0 64.45351549548523
702000.0 64.47214684530967
703000.0 64.48444494078166
704000.0 64.48458037118019
705000.0 64.4622574811137
706000.0 64.43509517929479
707000.0 64.43118743293859
708000.0 64.4575014526094
709000.0 64.49140046685842
710000.0 64.50259251671942
711000.0 64.48336744420651
712000.0 64.45604978417403
713000.0 64.4508438106066
714000.0 64.47555787997982
715000.0 64.50783375192397
716000.0 64.51749917791211
717000.0 64.49680060344198
718000.0 64.4681399589822
719000.0 64.46174006880744
721000.0 64.52247235562623
722000.0 64.55659898140408
723000.0 64.56409563872793
724000.0 64.53987502444593
725000.0 64.50741503625396
726000.0 64.49734323149073
727000.0 64.51188535505875
728000.0 64.5203576498713
729000.0 64.51695777593532
730000.0 64.49139673509194
731000.0 64.46130272540344
732000.0 64.45480516047947
733000.0 64.47889989964428
734000.0 64.51077034116561
735000.0 64.52577657890106
736000.0 64.52450163372214
737000.0 64.50499278304308
738000.0 64.49989235856142
739000.0 64.52185663307688
740000.0 64.55040303389734
741000.0 64.56186609127568
742000.0 64.55714352267849
743000.0 64.5287832437287
745000.0 64.46748447516968
746000.0 64.46422188177274
747000.0 64.4832493578151
748000.0 64.49507214720012
749000.0 64.49440734122305
750000.0 64.47120757012482
751000.0 64.44311030205378
753000.0 64.4513819058304
754000.0 64.48003132371925
755000.0 64.48997035429065
756000.0 64.4709579523828
757000.0 64.44445052275479
758000.0 64.4402706991944
759000.0 64.46609315306868
760000.0 64.4993257965295
761000.0 64.5154662696574
762000.0 64.51519675385349
763000.0 64.49655626263264
764000.0 64.49226183495333
765000.0 64.5149752542437
766000.0 64.54423283364673
767000.0 64.55622693138952
769000.0 64.53685147142181
770000.0 64.50860686998804
771000.0 64.5000558656799
772000.0 64.52068084885116
773000.0 64.54879840695932
774000.0 64.55453124410865
775000.0 64.53030270891254
776000.0 64.49840137423085
777000.0 64.4890681712946
779000.0 64.54460479106004
780000.0 64.57642768190985
781000.0 64.58193797924595
783000.0 64.53471213962061
784000.0 64.52786058261692
786000.0 64.56108961935584
789000.0 64.55977132842047
790000.0 64.56077683439231
791000.0 64.58143601165354
793000.0 64.62551395485761
794000.0 64.62079682131635
795000.0 64.59445341957489
796000.0 64.58164281108512
799000.0 64.61931323389844
800000.0 64.61130422259014
802000.0 64.55350309968215
804000.0 64.54939591888746
805000.0 64.5752059209351
806000.0 64.60220915026366
807000.0 64.60447373397722
808000.0 64.5759597623446
809000.0 64.53988116622861
810000.0 64.52661758692106
811000.0 64.54403519370231
812000.0 64.56968577073134
814000.0 64.55990917872452
816000.0 64.52104643896266
817000.0 64.53986761708673
818000.0 64.56627624710454
820000.0 64.55714644244075
821000.0 64.52288050770044
822000.0 64.48775153578386
823000.0 64.4778831548968
825000.0 64.51639563905513
826000.0 64.51921264485638
827000.0 64.49589595409704
828000.0 64.46638774292435
829000.0 64.45981186543071
831000.0 64.52060819760189
832000.0 64.55498027814417
833000.0 64.56835696708096
835000.0 64.56639185637206
836000.0 64.56723092511756
837000.0 64.58742689476253
838000.0 64.6115010382651
839000.0 64.61773162286511
840000.0 64.60784293182795
841000.0 64.57463151160432
842000.0 64.53682091276323
844000.0 64.5277572706972
845000.0 64.54885103269419
846000.0 64.55201828128307
847000.0 64.52688442315306
849000.0 64.48579507947578
850000.0 64.50716065678527
851000.0 64.53638136827499
852000.0 64.54884335296275
855000.0 64.54579508313822
856000.0 64.54785185402753
857000.0 64.56964453799849
858000.0 64.59548189488231
860000.0 64.58229557109455
862000.0 64.5210558099352
863000.0 64.51381237879932
864000.0 64.52860612852096
865000.0 64.53631446427532
866000.0 64.53176910797761
867000.0 64.50500090820887
868000.0 64.47368407180342
869000.0 64.46604394774235
870000.0 64.48906400148744
871000.0 64.51993237642692
872000.0 64.52839502786678
873000.0 64.50658826271433
874000.0 64.47704617662602
875000.0 64.4698572200854
876000.0 64.49281377820425
877000.0 64.52345852198599
878000.0 64.53729096212966
879000.0 64.53492721061657
880000.0 64.5087402266212
881000.0 64.48305878103227
882000.0 64.49486314172599
885000.0 64.5680380617686
886000.0 64.56574168247559
887000.0 64.53771395909497
888000.0 64.50399071262275
889000.0 64.49367870626637
890000.0 64.51402219219064
891000.0 64.54245585335553
893000.0 64.53762592722423
894000.0 64.51090958428641
895000.0 64.50280630102263
896000.0 64.52344211005422
897000.0 64.55150536858346
898000.0 64.56273707820147
899000.0 64.55797207100201
900000.0 64.52954758434612
901000.0 64.49616970501663
902000.0 64.48644647419248
903000.0 64.50181877189476
905000.0 64.51434487687098
906000.0 64.50931140488423
907000.0 64.48365949194182
909000.0 64.44797193691697
910000.0 64.47266154144423
911000.0 64.50512131104493
912000.0 64.51499944456401
913000.0 64.49454965584518
914000.0 64.46612565130593
915000.0 64.45996794940733
916000.0 64.48377079598639
917000.0 64.51528927542246
918000.0 64.52985784634492
919000.0 64.52814572752501
920000.0 64.50254138640574
921000.0 64.47740255900115
922000.0 64.48971647883941
924000.0 64.54197987127321
925000.0 64.54437654816553
926000.0 64.51938064655538
927000.0 64.4878104937939
928000.0 64.4792299650642
929000.0 64.49539374196897
931000.0 64.50903303465772
933000.0 64.4919444597098
934000.0 64.46729282784915
935000.0 64.4624632546836
936000.0 64.48670496375293
937000.0 64.51819463899419
938000.0 64.53261711726603
939000.0 64.53073304444253
941000.0 64.50487717888218
942000.0 64.52634212332886
943000.0 64.55441453058722
944000.0 64.56537440646366
945000.0 64.56030217442213
946000.0 64.53163683623518
947000.0 64.4980419392686
949000.0 64.4780238738309
950000.0 64.47791101225728
951000.0 64.47375695051595
953000.0 64.43643678302585
954000.0 64.43804452714943
957000.0 64.51342689264018
958000.0 64.52144150540171
959000.0 64.51775875325619
960000.0 64.49210943499764
961000.0 64.4618769367642
962000.0 64.45528217758161
963000.0 64.47361076355014
965000.0 64.47301363608744
966000.0 64.4459129475838
967000.0 64.41787129823302
969000.0 64.41125373688445
970000.0 64.41751622301815
971000.0 64.41921592977158
972000.0 64.40128303141371
973000.0 64.37922953252694
974000.0 64.38046857380412
975000.0 64.41169161606321
976000.0 64.45008793909793
977000.0 64.47103418442339
978000.0 64.47511698082441
979000.0 64.46035763590085
984000.0 64.46536648651168
985000.0 64.46345052024907
986000.0 64.44156539340644
987000.0 64.41567248570855
988000.0 64.4133482970379
989000.0 64.4356890329789
990000.0 64.45152617627949
991000.0 64.45485291407337
992000.0 64.43537581552845
993000.0 64.41074876361141
994000.0 64.40919874487854
995000.0 64.43198975903252
996000.0 64.44811200449799
997000.0 64.45174411030726
998000.0 64.4326138215375
999000.0 64.40825450315022
1000000.0 64.40691844900168
1001000.0 64.43561616747301
1002000.0 64.47168621254269
1003000.0 64.49049927631005
1004000.0 64.49266694550208
1005000.0 64.47626173674463
1006000.0 64.47395219594962
1007000.0 64.49843820186673
1010000.0 64.57705239923368
1011000.0 64.57413021745599
1013000.0 64.54187531657784
1015000.0 64.57200942443554
1016000.0 64.57543213184465
1017000.0 64.56689837487727
1018000.0 64.53657167126624
1019000.0 64.50197591816529
1020000.0 64.49139511339371
1022000.0 64.52753730555767
1023000.0 64.52928056997825
1024000.0 64.50500362341344
1026000.0 64.46722383069249
1027000.0 64.49014873799047
1028000.0 64.5210179618698
1029000.0 64.53499557322476
1030000.0 64.5327772672466
1031000.0 64.50674799992653
1033000.0 64.44947971322505
1034000.0 64.44793266261166
1035000.0 64.46848179309174
1036000.0 64.48170087384803
1037000.0 64.48232276194547
1038000.0 64.46035569239302
1039000.0 64.4334101075945
1040000.0 64.42970977952024
1041000.0 64.45631721126384
1042000.0 64.49038370414594
1044000.0 64.49516645283822
1045000.0 64.47260169941211
1046000.0 64.46822246182626
1048000.0 64.51069984138195
1049000.0 64.5199987855315
1050000.0 64.51692148399479
1052000.0 64.49244143443183
1053000.0 64.51487962183899
1054000.0 64.54403371038302
1055000.0 64.55606358847932
1056000.0 64.55188561264305
1057000.0 64.52401015972598
1058000.0 64.49109983810963
1059000.0 64.48180398821731
1060000.0 64.50324841465675
1062000.0 64.55824750653412
1065000.0 64.56070121916562
1067000.0 64.56964605539683
1068000.0 64.58934341878408
1069000.0 64.59514755449622
1071000.0 64.56743985436245
1072000.0 64.53612181527497
1073000.0 64.52480089339075
1074000.0 64.54289371280487
1075000.0 64.56882167024845
1076000.0 64.57820652779237
1077000.0 64.57180574404794
1078000.0 64.54760100589023
1079000.0 64.53828227793134
1080000.0 64.55637237336984
1082000.0 64.60257321650559
1083000.0 64.59984521754335
1084000.0 64.56978181365862
1085000.0 64.53911682158474
1086000.0 64.54588427379728
1088000.0 64.58801120733881
1089000.0 64.59156330455382
1090000.0 64.5822574849863
1091000.0 64.55076040230814
1092000.0 64.51502221452544
1093000.0 64.50333807324542
1094000.0 64.52268956929902
1096000.0 64.57407232658757
1097000.0 64.57393147859013
1098000.0 64.54636488456045
1099000.0 64.51799029569715
1101000.0 64.5558953757539
1102000.0 64.58517444128067
1103000.0 64.58926272819264
1104000.0 64.56231166291327
1105000.0 64.52760177970168
1106000.0 64.51556190237157
1107000.0 64.53399102720739
1108000.0 64.56053152393598
1109000.0 64.57057208901698
1110000.0 64.564891977945
1112000.0 64.49616451393491
1113000.0 64.46068097110552
1114000.0 64.45225153114659
1115000.0 64.47569575408485
1117000.0 64.5171486110317
1118000.0 64.49651163007842
1120000.0 64.46160345372792
1121000.0 64.48531115554454
1122000.0 64.51666779967367
1123000.0 64.53111075152246
1124000.0 64.52934529613634
1125000.0 64.50368000856675
1126000.0 64.46153510857093
