339000.0 50.729700872583614
340000.0 50.82391383827339
344000.0 51.19281331227239
345000.0 51.28239901899949
346000.0 51.390499636860056
347000.0 51.544567665216604
349000.0 51.96567836480995
350000.0 52.25301421549221
351000.0 52.62188676061452
352000.0 53.061071139169925
353000.0 53.59104770280273
354000.0 54.198532232128834
355000.0 54.87295160265207
356000.0 55.60441161664501
357000.0 56.38556314752214
358000.0 57.239486935468385
359000.0 58.124671047144176
360000.0 59.037589037163656
361000.0 59.94239660137939
363000.0 61.32201642474571
364000.0 61.780092564428585
368000.0 63.283433283035045
369000.0 63.58889738360364
371000.0 63.90390173889123
373000.0 64.0906730027317
374000.0 64.2577983118606
375000.0 64.43045138611065
376000.0 64.54962809226917
377000.0 64.5900923718158
378000.0 64.56618184250483
379000.0 64.57797755580556
382000.0 64.77227202383426
383000.0 64.81823350009927
384000.0 64.79766362080642
385000.0 64.7506463301807
386000.0 64.77416446646615
387000.0 64.88652769708686
388000.0 64.9822408881322
390000.0 64.96268309296198
392000.0 64.90395862818926
393000.0 64.9734336584716
394000.0 65.09395201781442
396000.0 65.22871252544898
397000.0 65.22308919486238
398000.0 65.15810726837248
399000.0 65.10474154280124
400000.0 65.12123592418315
401000.0 65.19740598075084
402000.0 65.26226681420778
404000.0 65.19444254215436
405000.0 65.11035335590387
406000.0 65.07044677725126
407000.0 65.12951355391965
408000.0 65.20956179805191
410000.0 65.22432447155624
412000.0 65.12502841712838
413000.0 65.12062616650435
414000.0 65.20883865787322
415000.0 65.28385700517883
416000.0 65.28787089208438
419000.0 65.22483173573686
420000.0 65.27377661838402
421000.0 65.37613463849499
422000.0 65.43345882388964
424000.0 65.35250938490309
425000.0 65.23233119999365
427000.0 64.92837314790881
428000.0 64.78009954575201
429000.0 64.62260125711587
431000.0 64.25806055038827
432000.0 64.05479167204471
433000.0 63.85117682318996
434000.0 63.6461740611178
435000.0 63.44102349434323
436000.0 63.26576007309623
437000.0 63.11607138847832
438000.0 62.95704837116906
439000.0 62.79147365881988
440000.0 62.65013249897561
442000.0 62.48633165651044
443000.0 62.45143023139626
444000.0 62.42206317769222
445000.0 62.42879519190973
446000.0 62.464969002383874
447000.0 62.496700709378786
448000.0 62.555698205761075
449000.0 62.63678768655119
452000.0 62.905805184998115
454000.0 63.1423404913664
455000.0 63.29701129448689
456000.0 63.46051218196452
458000.0 63.66303705859193
459000.0 63.71513308541083
460000.0 63.76047175983498
461000.0 63.83121068371193
463000.0 63.942136180252874
464000.0 63.957707280217974
465000.0 63.97189016148656
466000.0 64.01587218058191
467000.0 64.0842610288374
468000.0 64.1432468373584
469000.0 64.1636456580468
470000.0 64.15173907238301
471000.0 64.14219690873574
472000.0 64.16586302386733
473000.0 64.21669560746727
475000.0 64.24026460196788
476000.0 64.22145727962958
478000.0 64.252832956688
479000.0 64.29535711723845
480000.0 64.33234816086976
483000.0 64.33332227453886
484000.0 64.3377584293175
485000.0 64.37212584455746
486000.0 64.37094315951944
487000.0 64.34047117608809
488000.0 64.31541935568056
489000.0 64.32550048428509
490000.0 64.36472331454898
491000.0 64.39896481125348
492000.0 64.39766003122047
493000.0 64.36722563300766
494000.0 64.37307895609888
495000.0 64.40859512637593
496000.0 64.43971053473237
497000.0 64.43575750914323
498000.0 64.40307745955529
499000.0 64.37565531085536
500000.0 64.38404871619012
501000.0 64.42172620005161
502000.0 64.45455726608678
504000.0 64.4491613241708
505000.0 64.41882273783298
506000.0 64.42473705329611
507000.0 64.46023414798108
508000.0 64.49129450888913
509000.0 64.48721677895429
510000.0 64.45442351790058
511000.0 64.42704546081869
512000.0 64.43511734513841
513000.0 64.47272724052883
514000.0 64.50551576910023
516000.0 64.49977167401393
517000.0 64.50049115150671
520000.0 64.58266857209782
521000.0 64.57276495891192
522000.0 64.53486778993489
523000.0 64.53420425512078
524000.0 64.56404109530368
525000.0 64.59002909077417
526000.0 64.5816798988236
527000.0 64.54525295332365
529000.0 64.48915760932903
530000.0 64.49873999160502
531000.0 64.5375097807526
532000.0 64.570998447651
533000.0 64.56925800739748
534000.0 64.53842139227291
535000.0 64.5438042743107
536000.0 64.57894473950597
537000.0 64.60960039534129
538000.0 64.63640974495152
539000.0 64.62876500716986
540000.0 64.59283273689115
541000.0 64.5937873655833
542000.0 64.65632614932392
543000.0 64.70905663041357
544000.0 64.6935930212171
545000.0 64.65103312178726
546000.0 64.64639796351804
547000.0 64.67274754506299
548000.0 64.69594035143632
549000.0 64.7163425800342
550000.0 64.70304301702787
551000.0 64.66227222826784
552000.0 64.6592101387116
553000.0 64.71803954758235
554000.0 64.76784540399133
556000.0 64.73329108064381
557000.0 64.69152958442247
559000.0 64.68610480615646
560000.0 64.74470695701623
561000.0 64.79440878224156
562000.0 64.80741085896679
563000.0 64.78788185747696
564000.0 64.74173999672416
565000.0 64.73397932711948
566000.0 64.78878276094925
567000.0 64.83508059645675
568000.0 64.81416125876642
569000.0 64.76680954501884
570000.0 64.75800038784594
571000.0 64.8120220909647
572000.0 64.8574865746362
573000.0 64.86705080379005
574000.0 64.84446720619815
575000.0 64.79568914865483
576000.0 64.78570650442283
577000.0 64.8385420476655
578000.0 64.8832326067101
579000.0 64.89188575360647
580000.0 64.86878495067299
581000.0 64.81961527249102
583000.0 64.80207123307207
584000.0 64.85616029651035
585000.0 64.90180303270338
586000.0 64.9112676897253
587000.0 64.88868732672702
588000.0 64.83994044164265
591000.0 64.81908947872788
592000.0 64.84309295859055
593000.0 64.83283075219911
594000.0 64.79469128111992
595000.0 64.79382901360715
596000.0 64.85448415328449
597000.0 64.90555163711146
598000.0 64.8886733723072
599000.0 64.844868848303
600000.0 64.83906456850751
601000.0 64.89569634021773
602000.0 64.94329416614788
603000.0 64.95445064553631
604000.0 64.93338282207749
605000.0 64.88587378093055
607000.0 64.87138978305356
608000.0 64.9263151700103
609000.0 65.00399403926673
610000.0 65.03959218591987
611000.0 65.009457725711
612000.0 64.95417921523881
613000.0 64.93845026057431
615000.0 65.02974975761295
616000.0 65.06433378123356
617000.0 65.03338574156838
619000.0 64.98923969799169
621000.0 65.01233855819036
622000.0 65.02199690941168
623000.0 64.99954523587813
624000.0 64.95073009353491
625000.0 64.9406813575293
626000.0 64.99340188804946
627000.0 65.03776635127804
628000.0 65.04628714365292
629000.0 65.02281925118098
630000.0 64.97306089655899
633000.0 65.03567222322988
634000.0 65.07683320106676
637000.0 65.0078401020101
638000.0 64.99482618608147
640000.0 65.03077738601232
641000.0 65.04557779798654
642000.0 65.02765355430955
643000.0 64.98271764552456
644000.0 64.97561965864956
645000.0 65.03093480589557
646000.0 65.07741805565061
647000.0 65.08787004181524
648000.0 65.06600684015125
649000.0 65.01770644756289
650000.0 65.00793121690826
652000.0 65.04913913195438
653000.0 65.06589741120887
655000.0 65.03462488492445
656000.0 65.02470576604757
657000.0 65.07784124664967
659000.0 65.15902934650394
660000.0 65.131567031187
662000.0 65.09293626221515
663000.0 65.13834043550858
664000.0 65.1764044697748
667000.0 65.1002893282887
668000.0 65.05470142975851
669000.0 65.0466983084144
670000.0 65.10144565343637
671000.0 65.14747806275619
673000.0 65.10639150240041
674000.0 65.06157502756207
675000.0 65.05485188969524
676000.0 65.11058918176303
677000.0 65.15727459712895
679000.0 65.11739541286444
681000.0 65.15462391068013
682000.0 65.22810899723996
683000.0 65.2604464836927
684000.0 65.25832599453793
686000.0 65.19628346845884
687000.0 65.17449836092412
688000.0 65.21726537292575
689000.0 65.25271508451073
690000.0 65.25372395196308
691000.0 65.22368988036683
692000.0 65.16846346423718
693000.0 65.15261929363774
695000.0 65.24345818819879
697000.0 65.30598101263807
698000.0 65.27101917542541
699000.0 65.21150940618803
700000.0 65.19195978668694
701000.0 65.23669815211787
702000.0 65.27400394923427
703000.0 65.27624681935993
704000.0 65.24723105824808
705000.0 65.19286176670116
706000.0 65.17796841582891
707000.0 65.22662133495774
708000.0 65.29826105706798
709000.0 65.32884652762402
710000.0 65.2944572219431
711000.0 65.23547765363331
712000.0 65.21630457089323
713000.0 65.26130235691399
714000.0 65.33006346165769
715000.0 65.35811350366983
716000.0 65.32138900717017
717000.0 65.2602448261519
718000.0 65.23947137865892
719000.0 65.28300618485193
721000.0 65.40892493104425
722000.0 65.42788690931334
723000.0 65.38349938172132
724000.0 65.31579119655828
725000.0 65.28927086376903
726000.0 65.32791983235882
727000.0 65.36002163594722
728000.0 65.35789257276
729000.0 65.32525709186126
730000.0 65.26758815103662
731000.0 65.2496482668329
732000.0 65.29570579540864
733000.0 65.3654306717453
734000.0 65.39446648958418
735000.0 65.38959592226573
736000.0 65.35441802526726
737000.0 65.32605598434208
738000.0 65.36299959098243
739000.0 65.42492419869916
740000.0 65.4470662023898
741000.0 65.43652852506571
742000.0 65.39642965683512
743000.0 65.33242223255704
745000.0 65.29116328969647
746000.0 65.3355511193539
747000.0 65.37245623245684
748000.0 65.37429811525138
749000.0 65.34492455717582
750000.0 65.29025434268792
751000.0 65.27498878295461
753000.0 65.36643495760845
754000.0 65.40090041138187
755000.0 65.36943823655854
756000.0 65.31295720032595
757000.0 65.29612483808961
758000.0 65.34283246153788
759000.0 65.41303765984017
760000.0 65.44262402560884
761000.0 65.4380364056057
762000.0 65.40344446378707
763000.0 65.37533667297505
764000.0 65.41253739640766
765000.0 65.47478210893537
766000.0 65.49709603580689
767000.0 65.48653896400356
769000.0 65.41096384709327
770000.0 65.38359616600144
771000.0 65.42165944298169
772000.0 65.48437669955322
773000.0 65.50706822294457
774000.0 65.46578300071936
775000.0 65.40059798765853
776000.0 65.37625825565529
777000.0 65.41663120116743
779000.0 65.53737806017551
780000.0 65.55439640210027
781000.0 65.50805510484844
783000.0 65.43953515952069
784000.0 65.47292201900764
786000.0 65.52283793808019
789000.0 65.50023030451838
790000.0 65.52641184056279
791000.0 65.5792114053494
793000.0 65.60407075132885
794000.0 65.55405150016372
795000.0 65.51288860903375
796000.0 65.53869897661033
799000.0 65.59009086251828
800000.0 65.54339044336325
802000.0 65.47413765522306
804000.0 65.53750013384844
805000.0 65.59199696151039
806000.0 65.60770952777887
807000.0 65.56040158368711
808000.0 65.49015978467263
809000.0 65.46149581881582
810000.0 65.49825418468637
811000.0 65.55982343643389
812000.0 65.58160260018511
814000.0 65.50191074796388
816000.0 65.50915077314328
817000.0 65.57043268599344
818000.0 65.59208083963075
820000.0 65.51218353075643
821000.0 65.45177968611512
822000.0 65.4314365263838
823000.0 65.47533291057704
825000.0 65.54171589409293
826000.0 65.50811522416245
827000.0 65.44953211600512
828000.0 65.43085095767391
829000.0 65.47616140275655
831000.0 65.60442938879468
832000.0 65.62423775704494
833000.0 65.61164268774817
835000.0 65.59215650867841
836000.0 65.61593626702745
837000.0 65.66621721512614
838000.0 65.67851535934315
839000.0 65.65941057097619
840000.0 65.61209751399046
841000.0 65.54168889768755
842000.0 65.51283373999512
844000.0 65.58278869388768
845000.0 65.60843147151573
846000.0 65.57001541426175
847000.0 65.50709823546848
849000.0 65.5265673211567
850000.0 65.59238156908171
851000.0 65.61808610676158
852000.0 65.61025467424173
855000.0 65.59439766234156
856000.0 65.62209961313167
857000.0 65.67602627229348
858000.0 65.69118572162819
860000.0 65.60075898801016
862000.0 65.54052019807335
863000.0 65.5774105663076
864000.0 65.60769938058117
865000.0 65.60398349992943
866000.0 65.56982265511292
867000.0 65.51105929878356
868000.0 65.4918762724322
869000.0 65.53633977126609
870000.0 65.60497306022721
871000.0 65.63266667560326
872000.0 65.59548219288831
873000.0 65.53400212669618
874000.0 65.5127442893074
875000.0 65.55555697037535
876000.0 65.6223359799954
877000.0 65.64889375220916
878000.0 65.64162500228821
879000.0 65.60461774125652
880000.0 65.54322008872157
881000.0 65.55317607558129
882000.0 65.62143714793825
885000.0 65.68918501546196
886000.0 65.64661498618196
887000.0 65.58031586236858
888000.0 65.55505375008818
889000.0 65.59471332222344
890000.0 65.65871293609216
891000.0 65.68253432957458
893000.0 65.60567725485016
894000.0 65.57782047610948
895000.0 65.6150822991275
896000.0 65.67719219187586
897000.0 65.69933814283215
898000.0 65.68868777497275
899000.0 65.64844073454341
900000.0 65.58428892273388
901000.0 65.56075846735011
902000.0 65.6014461580571
903000.0 65.63538416908898
905000.0 65.63461688383623
906000.0 65.60325901783821
907000.0 65.54673372646553
909000.0 65.57642568717462
910000.0 65.64615329614023
911000.0 65.67507374957506
912000.0 65.63906072728086
913000.0 65.57834097746407
914000.0 65.55781683558688
915000.0 65.60126312023479
916000.0 65.66875684155444
917000.0 65.69545264488191
918000.0 65.68864545706651
919000.0 65.65168845970771
920000.0 65.59033588151263
921000.0 65.60041223131805
922000.0 65.66898829433299
924000.0 65.71896234895651
925000.0 65.6786810530732
926000.0 65.61451533543625
927000.0 65.59094028021707
928000.0 65.63192301570373
929000.0 65.66582282472706
931000.0 65.66468227404488
933000.0 65.60493230352716
934000.0 65.58378636094682
935000.0 65.62678679281797
936000.0 65.6938690444414
937000.0 65.72026603818647
938000.0 65.71311416321407
939000.0 65.67580142016146
941000.0 65.68059877585506
942000.0 65.74090217454214
943000.0 65.76169275568094
944000.0 65.74934032973331
945000.0 65.70795543791166
946000.0 65.6425971622252
947000.0 65.61805364087559
949000.0 65.63478918970708
950000.0 65.64159925212407
951000.0 65.61643860215402
953000.0 65.58101253955226
954000.0 65.62735692209897
957000.0 65.72333359262083
958000.0 65.71863154516417
959000.0 65.68355873649251
960000.0 65.62370748751363
961000.0 65.60379536368868
962000.0 65.64804280815736
963000.0 65.68457268960023
965000.0 65.62839964356355
966000.0 65.5772579311337
967000.0 65.56469713167229
969000.0 65.60077617789919
970000.0 65.6152004974872
971000.0 65.5965106551215
972000.0 65.55078719561104
973000.0 65.54286947302008
974000.0 65.59734084730971
975000.0 65.67398305503075
976000.0 65.70860524718746
977000.0 65.70858728360783
978000.0 65.67744097463387
979000.0 65.6522414090339
984000.0 65.68469281870377
985000.0 65.65802510098047
986000.0 65.6053098769867
987000.0 65.59147272338357
988000.0 65.64088711909703
989000.0 65.68230770401271
990000.0 65.68757639195226
991000.0 65.66101262963029
992000.0 65.60855549676549
993000.0 65.59506545162122
994000.0 65.64471370163658
995000.0 65.68594440186091
996000.0 65.69148554770814
997000.0 65.6652282903685
998000.0 65.61302708858236
999000.0 65.5995056208477
1000000.0 65.64885812730826
1001000.0 65.7215512345828
1002000.0 65.75287961835373
1003000.0 65.74969277381396
1004000.0 65.71579464979699
1005000.0 65.68842752901682
1006000.0 65.72607579028147
1007000.0 65.78852118642851
1010000.0 65.84267401941459
1011000.0 65.79665964349451
1013000.0 65.78731395266547
1015000.0 65.82929789233447
1016000.0 65.81692857019547
1017000.0 65.77516195580152
1018000.0 65.7097039570581
1019000.0 65.68500685345855
1020000.0 65.72500905954685
1022000.0 65.78454592709366
1023000.0 65.74813611811608
1024000.0 65.68723858261912
1026000.0 65.70979156916457
1027000.0 65.77659376758852
1028000.0 65.80298168168207
1029000.0 65.79592603699842
1030000.0 65.75875763055755
1031000.0 65.69692893042738
1033000.0 65.65879859614229
1034000.0 65.7039703564843
1035000.0 65.7416615768217
1036000.0 65.74407046896346
1037000.0 65.71497647388583
1038000.0 65.66033787953783
1039000.0 65.64490456591801
1040000.0 65.6928813760628
1041000.0 65.76358565787125
1042000.0 65.79347738521321
1044000.0 65.72600839601571
1045000.0 65.70184804027514
1046000.0 65.74237990329175
1048000.0 65.80307515602698
1049000.0 65.7981044633699
1050000.0 65.76268507331811
1052000.0 65.77053461241529
1053000.0 65.831811941989
1054000.0 65.85328451778716
1055000.0 65.84180674399019
1056000.0 65.80088463733996
1057000.0 65.73593733825118
1058000.0 65.7117030981425
1059000.0 65.7520420704859
1060000.0 65.81674037837072
1062000.0 65.86044104338752
1065000.0 65.83090259433334
1067000.0 65.87740382792684
1068000.0 65.89383924679723
1069000.0 65.87801915063028
1071000.0 65.79394471453723
1072000.0 65.7628822398564
1073000.0 65.79760595581858
1074000.0 65.85688796485546
1075000.0 65.87713179448671
1076000.0 65.8643249411076
1077000.0 65.82252660804825
1078000.0 65.78807086858673
1079000.0 65.81966597324404
1080000.0 65.87697139963089
1082000.0 65.90848758737668
1083000.0 65.86078862069837
1084000.0 65.79015733741049
1085000.0 65.79241647055213
1086000.0 65.85373057028434
1088000.0 65.8926308019772
1089000.0 65.87906204623752
1090000.0 65.83636234113978
1091000.0 65.76996097972672
1092000.0 65.74432276484524
1093000.0 65.78337024821204
1094000.0 65.84716649136956
1096000.0 65.88897626497473
1097000.0 65.845393939148
1098000.0 65.77824888070774
1099000.0 65.78333595251848
1101000.0 65.90252879020161
1102000.0 65.91863724426399
1103000.0 65.8713966432228
1104000.0 65.8011224720832
1105000.0 65.77233491586364
1106000.0 65.80861141410453
1107000.0 65.86970627390019
1108000.0 65.89123565972103
1109000.0 65.87959530247741
1110000.0 65.8386350274503
1112000.0 65.71823856897052
1113000.0 65.7018826433589
1114000.0 65.74916643307844
1115000.0 65.81966585409887
1117000.0 65.81287560365956
1118000.0 65.7521461615026
1120000.0 65.77493175065449
1121000.0 65.842073226932
1122000.0 65.86861159124484
1123000.0 65.86152888839187
1124000.0 65.82433328799345
1125000.0 65.76247341072198
1126000.0 65.67827905695442
