339000.0 50.730000293118685
340000.0 50.727820868754826
344000.0 50.76003609587437
345000.0 50.776981008781796
346000.0 50.79703849231905
347000.0 50.82213506395335
349000.0 50.89471277298922
350000.0 50.94520297038577
351000.0 51.00907014647742
352000.0 51.08928960639958
353000.0 51.18857170056129
354000.0 51.310449507522364
355000.0 51.45631687250007
356000.0 51.6281165991151
357000.0 51.82605913494689
358000.0 52.05180615460594
359000.0 52.30634048591217
360000.0 52.588581535510045
361000.0 52.8979813737975
363000.0 53.57097984883262
364000.0 53.91592571605115
368000.0 55.27228573102979
369000.0 55.60725401412625
371000.0 56.254950745292504
373000.0 56.85758596281612
374000.0 57.146518665990335
375000.0 57.432247594952194
376000.0 57.71243533940122
377000.0 57.98480381859613
378000.0 58.24498902971795
379000.0 58.49382713897928
382000.0 59.20020663746255
383000.0 59.42541889633191
384000.0 59.64269884167305
385000.0 59.84975621515186
386000.0 60.04843735169576
387000.0 60.24462524805234
388000.0 60.44030122614486
390000.0 60.815841597459155
392000.0 61.15714994908844
393000.0 61.32004900016923
394000.0 61.48353125351028
396000.0 61.80813849167567
397000.0 61.964240722407666
398000.0 62.11243817291662
399000.0 62.25155396569062
400000.0 62.38521685486934
401000.0 62.517300236636345
402000.0 62.64945299938417
404000.0 62.90075731502272
405000.0 63.014483883561645
406000.0 63.1210935038862
407000.0 63.22511726327511
408000.0 63.33095725403864
410000.0 63.53752656983794
412000.0 63.724914228179294
413000.0 63.810290775328305
414000.0 63.89599102625676
415000.0 63.98403348082921
416000.0 64.07090351581893
419000.0 64.3063465709893
420000.0 64.3788789638107
421000.0 64.4538415137947
422000.0 64.53056443283027
424000.0 64.67446655288104
425000.0 64.73574182841041
427000.0 64.83001883075988
428000.0 64.86380245051521
429000.0 64.88999363871577
431000.0 64.91717194561382
432000.0 64.91820344838742
433000.0 64.91051721436284
434000.0 64.89521948189318
435000.0 64.87209811146904
436000.0 64.84276103303908
437000.0 64.80898949948646
438000.0 64.77153508368791
439000.0 64.7293496203054
440000.0 64.68337973354659
442000.0 64.58716265465448
443000.0 64.5409062352636
444000.0 64.49659045374342
445000.0 64.45466534557045
446000.0 64.41704917918521
447000.0 64.38343546685141
448000.0 64.35368764833953
449000.0 64.32925438976434
452000.0 64.28484631163843
454000.0 64.27985974345971
455000.0 64.28600052857419
456000.0 64.29903156301934
458000.0 64.33811601840948
459000.0 64.35912424230395
460000.0 64.37991826516588
461000.0 64.40104563944432
463000.0 64.44783061573638
464000.0 64.47024120302622
465000.0 64.49132949325052
466000.0 64.51192632535131
467000.0 64.5342313231703
468000.0 64.55820592086995
469000.0 64.58265078224998
470000.0 64.6050402565499
471000.0 64.62520160100051
472000.0 64.64418720875788
473000.0 64.66438700201569
475000.0 64.70599261451001
476000.0 64.72424486628839
478000.0 64.75744174924887
479000.0 64.7753693551338
480000.0 64.79444091998765
483000.0 64.85003309728909
484000.0 64.86536197626339
485000.0 64.88135230408085
486000.0 64.89763808024853
487000.0 64.91179004855407
488000.0 64.92372132680057
489000.0 64.93454000390956
490000.0 64.94669186039556
491000.0 64.96026094919124
492000.0 64.97417358411714
493000.0 64.98602716555766
494000.0 64.99635932836404
495000.0 65.00768382088748
496000.0 65.02026022933346
497000.0 65.03307261215473
498000.0 65.04372873041744
499000.0 65.05216286005265
500000.0 65.05951545067379
501000.0 65.06824135486004
502000.0 65.0784538080942
504000.0 65.09943416288968
505000.0 65.10728285870701
506000.0 65.11380717645615
507000.0 65.12154168644646
508000.0 65.13067133046637
509000.0 65.1401635275672
510000.0 65.14762114814489
511000.0 65.15297773848943
512000.0 65.15736691625655
513000.0 65.16321085991828
514000.0 65.1706565291988
516000.0 65.18638149266857
517000.0 65.19237270370128
520000.0 65.21583598348855
521000.0 65.22443584856025
522000.0 65.23069049963131
523000.0 65.23520784846251
524000.0 65.24064136603225
525000.0 65.24726373529553
526000.0 65.2541068256294
527000.0 65.25885966257931
529000.0 65.26242719937352
530000.0 65.26280817904416
531000.0 65.26497561264753
532000.0 65.2690082175755
533000.0 65.27377979133418
534000.0 65.27683418974647
535000.0 65.27867512704432
536000.0 65.28183972674276
537000.0 65.28651671432134
538000.0 65.2922834364092
539000.0 65.29819641987581
540000.0 65.30196360014834
541000.0 65.30418568529686
542000.0 65.30807504378231
543000.0 65.31538638796408
544000.0 65.32286730563926
545000.0 65.32759082998547
546000.0 65.33034385601046
547000.0 65.33385978825625
548000.0 65.33846106470503
549000.0 65.34383745389759
550000.0 65.34912597915005
551000.0 65.35211075491782
552000.0 65.35340888090198
553000.0 65.35627757276518
554000.0 65.36246153538369
556000.0 65.3740870068587
557000.0 65.3764091206429
559000.0 65.37705657146839
560000.0 65.37934163569633
561000.0 65.3849655844269
562000.0 65.39133840385958
563000.0 65.39712658858723
564000.0 65.4001661956271
565000.0 65.40120973033464
566000.0 65.40360604643679
567000.0 65.40916292544638
568000.0 65.41473852690939
569000.0 65.41750304385
570000.0 65.41825711053488
571000.0 65.42032530512797
572000.0 65.42552965528715
573000.0 65.43134497141806
574000.0 65.4364082156775
575000.0 65.43866771267643
576000.0 65.43888622908888
577000.0 65.44041308672416
578000.0 65.44509175044854
579000.0 65.45037652711923
580000.0 65.4549271251879
581000.0 65.45667772426943
583000.0 65.45519308613784
584000.0 65.4560706098777
585000.0 65.4601610823332
586000.0 65.4649567279947
587000.0 65.46906588963628
588000.0 65.47044507791784
591000.0 65.46609876759346
592000.0 65.46603719455112
593000.0 65.46654760468742
594000.0 65.46521243863056
595000.0 65.46261447601641
596000.0 65.46192355098114
597000.0 65.46482685704908
598000.0 65.468102020007
599000.0 65.46884254522644
600000.0 65.46777090622697
601000.0 65.46819357159313
602000.0 65.47190806332293
603000.0 65.47635280114753
604000.0 65.48015154915018
605000.0 65.48122341690785
607000.0 65.47852129631838
608000.0 65.47885665586655
609000.0 65.48307311118194
610000.0 65.49007532120001
611000.0 65.49625348580024
612000.0 65.49897119512674
613000.0 65.49918151530514
615000.0 65.50344844769985
616000.0 65.50941208819074
617000.0 65.51470976795252
619000.0 65.51783626877823
621000.0 65.520851766753
622000.0 65.522994877506
623000.0 65.52477154648855
624000.0 65.52404456173608
625000.0 65.52154940101276
626000.0 65.52058007738636
627000.0 65.52292378734137
628000.0 65.52605646377907
629000.0 65.52859846801547
630000.0 65.52844234041858
633000.0 65.52469815950171
634000.0 65.52834591831996
637000.0 65.53503867012667
638000.0 65.53347161808955
640000.0 65.53262921718822
641000.0 65.53348639773688
642000.0 65.53430210557005
643000.0 65.53283755948488
644000.0 65.52976872504904
645000.0 65.52835579952057
646000.0 65.53040538562466
647000.0 65.53328382588913
648000.0 65.53559526660763
649000.0 65.53527531246266
650000.0 65.5330496307698
652000.0 65.53139368996251
653000.0 65.53203223946242
655000.0 65.53281624293884
656000.0 65.53099048290437
657000.0 65.53052438824717
659000.0 65.53833543533699
660000.0 65.54232218178753
662000.0 65.54345765341631
663000.0 65.54454463259175
664000.0 65.54833484255506
667000.0 65.5549342559025
668000.0 65.55259558451876
669000.0 65.54880122625944
670000.0 65.54675529168436
671000.0 65.54823224885232
673000.0 65.55084690264616
674000.0 65.54885755818957
675000.0 65.54532294523982
676000.0 65.54352554406407
677000.0 65.54520474336556
679000.0 65.54816453198288
681000.0 65.54681386595846
682000.0 65.55039028663492
683000.0 65.5565733315991
684000.0 65.56244083149483
686000.0 65.56964399666073
687000.0 65.56959885328978
688000.0 65.57024613443613
689000.0 65.57358033702117
690000.0 65.57720224903245
691000.0 65.57984533688285
692000.0 65.57953377640003
693000.0 65.57709393249513
695000.0 65.57684713939588
697000.0 65.58659193664603
698000.0 65.59084399008457
699000.0 65.5916708339794
700000.0 65.58998975934375
701000.0 65.58931113427805
702000.0 65.59155321329496
703000.0 65.59424741913351
704000.0 65.59610379096583
705000.0 65.59511642060335
706000.0 65.59207534739737
707000.0 65.59037465329685
708000.0 65.59249912672686
709000.0 65.5973902493578
710000.0 65.60143277212322
711000.0 65.60203843557454
712000.0 65.6001445836361
713000.0 65.59925417706539
714000.0 65.60188715824006
715000.0 65.60709669502684
716000.0 65.61133876512397
717000.0 65.61204843207396
718000.0 65.6101816399604
719000.0 65.60925957660713
721000.0 65.61755600462429
722000.0 65.62493733868197
723000.0 65.6306948271578
724000.0 65.63239413529753
725000.0 65.63113737150331
726000.0 65.63053652179894
727000.0 65.6326257992655
728000.0 65.63497761293327
729000.0 65.63636238517995
730000.0 65.63477767850397
731000.0 65.63107855921075
732000.0 65.62863349907994
733000.0 65.62992903691683
734000.0 65.63397979114919
735000.0 65.63780136998321
736000.0 65.6402939837323
737000.0 65.64014805828293
738000.0 65.64032932673248
739000.0 65.64353864465707
740000.0 65.64891231207956
741000.0 65.65363037870706
742000.0 65.65666583639866
743000.0 65.65620070343202
745000.0 65.64890357453277
746000.0 65.64645539131783
747000.0 65.64708859215419
748000.0 65.64830452873187
749000.0 65.64875953647906
750000.0 65.64642345381769
751000.0 65.64210172447714
753000.0 65.63846776338687
754000.0 65.64091407551061
755000.0 65.6429204864051
756000.0 65.6418158884268
757000.0 65.6384874996451
758000.0 65.63634264877527
759000.0 65.63787613581171
760000.0 65.6420668140518
761000.0 65.64599213826156
762000.0 65.64852417686701
763000.0 65.64837327979915
764000.0 65.64853687449732
765000.0 65.65173098567678
766000.0 65.65708443629663
767000.0 65.66177636731712
769000.0 65.66594103092959
770000.0 65.66420202058254
771000.0 65.663093976921
772000.0 65.6652597934817
773000.0 65.6697687953897
774000.0 65.67314782664533
775000.0 65.67286418955884
776000.0 65.6699388870965
777000.0 65.6679208374723
779000.0 65.67395062130605
780000.0 65.68019401493478
781000.0 65.68481226698687
783000.0 65.68470855624182
784000.0 65.68431381848318
786000.0 65.68989304154341
789000.0 65.69604311816933
790000.0 65.69766984622835
791000.0 65.70164935843127
793000.0 65.71357657637095
794000.0 65.71750034507993
795000.0 65.71798632799918
796000.0 65.71820651637503
799000.0 65.72857179266973
800000.0 65.73072617451713
802000.0 65.72662161838828
804000.0 65.72399001925675
805000.0 65.72667559386294
806000.0 65.73119848963647
807000.0 65.73422120233818
808000.0 65.7333173277219
809000.0 65.72957199224805
810000.0 65.72658157546714
811000.0 65.72696547368005
812000.0 65.72979919680934
814000.0 65.73142036219409
816000.0 65.72578185921998
817000.0 65.72655013376851
818000.0 65.72968129337515
820000.0 65.7316964001992
821000.0 65.72809963309784
822000.0 65.72238501532013
823000.0 65.71799584840589
825000.0 65.71803936277158
826000.0 65.7181799163597
827000.0 65.71529117255521
828000.0 65.71024019539693
829000.0 65.70643406386004
831000.0 65.70963827343834
832000.0 65.71478990706945
833000.0 65.71905589881216
835000.0 65.72418148722451
836000.0 65.72617004974802
837000.0 65.73031719714719
838000.0 65.73594767313364
839000.0 65.74042632214545
840000.0 65.74285518589434
841000.0 65.74151265196788
842000.0 65.73743028942629
844000.0 65.7327513841754
845000.0 65.73415927957574
846000.0 65.73490776355366
847000.0 65.7323571448734
849000.0 65.72368054099088
850000.0 65.72355163575097
851000.0 65.72605755497852
852000.0 65.72829488565246
855000.0 65.73117413617013
856000.0 65.73194180934365
857000.0 65.73516810318006
858000.0 65.74011841696084
860000.0 65.74452498150627
862000.0 65.7381943260996
863000.0 65.73544636050694
864000.0 65.73544659113105
865000.0 65.73575307249804
866000.0 65.73514164835767
867000.0 65.73162788070654
868000.0 65.72604031618103
869000.0 65.72178753858235
870000.0 65.72135151524976
871000.0 65.72367255749634
872000.0 65.72521059665985
873000.0 65.72336600495173
874000.0 65.719080010484
875000.0 65.71585864353447
876000.0 65.71623115900887
877000.0 65.71923890805215
878000.0 65.72193326178858
879000.0 65.72322349384537
880000.0 65.72123288505144
881000.0 65.7174864777259
882000.0 65.71693509900352
885000.0 65.72796426186929
886000.0 65.7304405176765
887000.0 65.72930483187149
888000.0 65.725529573218
889000.0 65.72267080271108
890000.0 65.72332411459941
891000.0 65.72650944653937
893000.0 65.72900524546628
894000.0 65.72636504764833
895000.0 65.72435734538277
896000.0 65.7256334685996
897000.0 65.72925198766094
898000.0 65.73236775183179
899000.0 65.73392318686933
900000.0 65.73206088030524
901000.0 65.72775691506261
902000.0 65.72449826905087
903000.0 65.72422654729534
905000.0 65.72458049764045
906000.0 65.72394204292479
907000.0 65.72057590069545
909000.0 65.71128272407616
910000.0 65.71120303093903
911000.0 65.71393183256585
912000.0 65.71590653866963
913000.0 65.71451520020042
914000.0 65.71070133088809
915000.0 65.70795698896175
916000.0 65.70883270405776
917000.0 65.71231813064743
918000.0 65.71548767204104
919000.0 65.71725912946545
920000.0 65.71571817704208
921000.0 65.71242042041877
922000.0 65.71229950535235
924000.0 65.71924774652521
925000.0 65.72182323751522
926000.0 65.72087684684334
927000.0 65.71736026679375
928000.0 65.71481034599051
929000.0 65.71518874643843
931000.0 65.71667583942506
933000.0 65.71527948615126
934000.0 65.71161794159025
935000.0 65.70900493757514
936000.0 65.70997767427838
937000.0 65.71354987324438
938000.0 65.71680273013824
939000.0 65.71862762935031
941000.0 65.7172191147073
942000.0 65.7196814627815
943000.0 65.72431805087741
944000.0 65.72828089934124
945000.0 65.73056393322442
946000.0 65.72938367599852
947000.0 65.72565456714419
949000.0 65.71980976739745
950000.0 65.71796258964446
951000.0 65.71601388362009
953000.0 65.70753113877416
954000.0 65.70463795328924
957000.0 65.71141459862996
958000.0 65.71415350857363
959000.0 65.71568125840338
960000.0 65.71401409664023
961000.0 65.71004282399659
962000.0 65.7072487189073
963000.0 65.70751882046368
965000.0 65.70688137862359
966000.0 65.70299011567205
967000.0 65.69747365451134
969000.0 65.68992777999121
970000.0 65.6878682954596
971000.0 65.68595739896153
972000.0 65.6819495153287
973000.0 65.67650003739158
974000.0 65.67284614357693
975000.0 65.6733519867426
976000.0 65.6768722539077
977000.0 65.68038030466761
978000.0 65.68270579593816
979000.0 65.6825355165927
984000.0 65.68400383417588
985000.0 65.68428795317217
986000.0 65.68195946548607
987000.0 65.67779844979738
988000.0 65.67512063293657
989000.0 65.67573642038961
990000.0 65.67711306650135
991000.0 65.67787936435903
992000.0 65.67597721742423
993000.0 65.67216329978498
994000.0 65.66978091956427
995000.0 65.67066907302508
996000.0 65.67227709810943
997000.0 65.67325967437596
998000.0 65.67155001498408
999000.0 65.66791406709751
1000000.0 65.6657165707485
1001000.0 65.66738576140479
1002000.0 65.6718565181163
1003000.0 65.67616518151242
1004000.0 65.67915292766693
1005000.0 65.67950884477673
1006000.0 65.68021362814785
1007000.0 65.68396998394087
1010000.0 65.70441598925146
1011000.0 65.70926965020885
1013000.0 65.7122582759508
1015000.0 65.72064943278465
1016000.0 65.72446312399707
1017000.0 65.72678613277692
1018000.0 65.72572717202266
1019000.0 65.72220867474131
1020000.0 65.71974668179114
1022000.0 65.72301785486985
1023000.0 65.72457606435518
1024000.0 65.72297251802695
1026000.0 65.71638362880218
1027000.0 65.71737450813652
1028000.0 65.72105572350979
1029000.0 65.72445833215791
1030000.0 65.72648056896502
1031000.0 65.72523486406158
1033000.0 65.7168576732772
1034000.0 65.71403410938728
1035000.0 65.71435044058245
1036000.0 65.71529822206469
1037000.0 65.71557907905441
1038000.0 65.71310922504185
1039000.0 65.70867071790092
1040000.0 65.70564786670046
1041000.0 65.70648081045157
1042000.0 65.7101131522696
1044000.0 65.71409621812707
1045000.0 65.71241398231882
1046000.0 65.7114364455405
1048000.0 65.71689732438931
1049000.0 65.71991010452483
1050000.0 65.7216958964216
1052000.0 65.72054495263681
1053000.0 65.72329385142318
1054000.0 65.72825674949863
1055000.0 65.73260746025119
1056000.0 65.73530467326731
1057000.0 65.73452437487549
1058000.0 65.73121168757743
1059000.0 65.72890631032087
1060000.0 65.73015913673424
1062000.0 65.73909496344655
1065000.0 65.7481497835558
1067000.0 65.75324364981545
1068000.0 65.7580857276211
1069000.0 65.76216391305617
1071000.0 65.76488427319349
1072000.0 65.7623323179749
1073000.0 65.7603969406542
1074000.0 65.76174165452096
1075000.0 65.76542519528472
1076000.0 65.76860226502262
1077000.0 65.7702104565845
1078000.0 65.76903840027813
1079000.0 65.7680921833973
1080000.0 65.77011102316749
1082000.0 65.77937003989868
1083000.0 65.78239894084403
1084000.0 65.78159420202029
1085000.0 65.7785966994057
1086000.0 65.77848657473064
1088000.0 65.78483918374083
1089000.0 65.78752581339194
1090000.0 65.78864731606882
1091000.0 65.78640994841912
1092000.0 65.78172300673013
1093000.0 65.77808025181942
1094000.0 65.77802434400284
1096000.0 65.78444581821762
1097000.0 65.78655268202242
1098000.0 65.78505008074505
1099000.0 65.78154410115069
1101000.0 65.78385677831376
1102000.0 65.78852010159285
1103000.0 65.79168709991801
1104000.0 65.79092231567572
1105000.0 65.78731579453631
1106000.0 65.78446043276311
1107000.0 65.78497261886655
1108000.0 65.7879352106513
1109000.0 65.79044553908032
1110000.0 65.79145114489303
1112000.0 65.78372981984437
1113000.0 65.7767395331997
1114000.0 65.77143099027215
1115000.0 65.77020820702963
1117000.0 65.77317284196094
1118000.0 65.77109398830252
1120000.0 65.76331316727058
1121000.0 65.76363646435259
1122000.0 65.76659664232645
1123000.0 65.76927851700026
1124000.0 65.77056438236355
1125000.0 65.76857262435709
1126000.0 65.76301104123928
